-2.7627 -0.563183 844379
-2.6627 -0.565039 844349
-2.5627 -0.566899 844321
-2.4627 -0.568768 844295
-2.3627 -0.570631 844270
-2.2627 -0.572506 844247
-2.1627 -0.574375 844225
-2.0627 -0.576266 844205
-1.9627 -0.578148 844186
-1.8627 -0.580067 844169
-1.7627 -0.581974 844153
-1.6627 -0.583875 844137
-1.5627 -0.585783 844123
-1.4627 -0.587723 844109
-1.3627 -0.589698 844097
-1.2627 -0.591647 844086
-1.1627 -0.593621 844076
-1.0627 -0.595588 844066
-0.9627 -0.597578 844058
-0.8627 -0.59961 844051
-0.7627 -0.60166 844044
-0.6627 -0.603682 844040
-0.5627 -0.605759 844037
-0.4627 -0.607821 844036
-0.3627 -0.609923 844036
-0.2627 -0.612045 844039
-0.1627 -0.61416 844043
-0.0627 -0.616325 844049
0.0373 -0.618498 844058
0.1373 -0.620716 844070
0.2373 -0.622978 844084
0.3373 -0.625241 844100
0.4373 -0.627533 844120
0.5373 -0.629845 844141
0.6373 -0.632182 844165
0.7373 -0.634564 844191
0.8373 -0.63696 844218
0.9373 -0.639405 844248
1.0373 -0.641882 844279
1.1373 -0.644358 844311
1.2373 -0.646888 844343
1.3373 -0.649475 844376
1.4373 -0.652061 844407
1.5373 -0.654664 844438
1.6373 -0.657252 844468
1.7373 -0.659887 844495
1.8373 -0.662514 844520
1.9373 -0.665107 844541
2.0373 -0.667714 844559
2.1373 -0.670311 844572
2.2373 -0.672871 844581
2.3373 -0.675349 844585
2.4373 -0.677753 844583
2.5373 -0.680069 844575
2.6373 -0.682315 844562
2.7373 -0.684446 844543
2.8373 -0.686446 844516
2.9373 -0.688329 844484
3.0373 -0.690047 844445
3.1373 -0.691581 844400
3.2373 -0.692933 844348
3.3373 -0.694096 844290
3.4373 -0.695006 844226
3.5373 -0.695729 844156
3.6373 -0.696116 844080
3.7373 -0.696284 843997
3.8373 -0.696112 843910
3.9373 -0.69567 843816
4.0373 -0.69497 843717
4.1373 -0.694014 843613
4.2373 -0.692857 843503
4.3373 -0.691522 843389
4.4373 -0.690016 843269
4.5373 -0.688361 843144
4.6373 -0.686592 843014
4.7373 -0.684699 842880
4.8373 -0.682675 842741
4.9373 -0.680568 842598
5.0373 -0.678405 842450
5.1373 -0.676195 842299
5.2373 -0.673956 842143
5.3373 -0.671701 841985
5.4373 -0.669399 841823
5.5373 -0.66711 841659
5.6373 -0.66479 841492
5.7373 -0.662474 841322
5.8373 -0.660168 841151
5.9373 -0.657882 840979
6.0373 -0.655585 840807
6.1373 -0.653317 840634
6.2373 -0.651039 840460
6.3373 -0.648809 840287
6.4373 -0.646589 840114
6.5373 -0.644395 839942
6.6373 -0.642246 839772
6.7373 -0.640109 839604
6.8373 -0.63799 839437
6.9373 -0.635865 839272
7.0373 -0.633806 839109
7.1373 -0.631728 838947
7.2373 -0.629675 838788
7.3373 -0.627663 838632
7.4373 -0.625657 838477
7.5373 -0.623663 838325
7.6373 -0.621685 838175
7.7373 -0.619709 838027
7.8373 -0.617754 837881
7.9373 -0.615804 837736
8.0373 -0.613926 837593
8.1373 -0.612056 837451
8.2373 -0.610172 837312
8.3373 -0.608294 837174
8.4373 -0.606434 837037
8.5373 -0.604589 836901
8.6373 -0.602773 836767
8.7373 -0.600966 836633
8.8373 -0.599167 836501
8.9373 -0.597363 836370
9.0373 -0.595545 836241
9.1373 -0.593822 836114
9.2373 -0.592042 835987
9.3373 -0.590288 835862
9.4373 -0.588582 835738
9.5373 -0.586854 835615
9.6373 -0.585117 835495
9.7373 -0.583398 835377
9.8373 -0.581688 835261
9.9373 -0.579986 835146
10.0373 -0.57827 835034
10.1373 -0.576579 834923
10.2373 -0.574867 834815
10.3373 -0.573165 834709
10.4373 -0.571478 834605
10.5373 -0.569818 834504
10.6373 -0.568164 834405
10.7373 -0.566508 834308
10.8373 -0.564863 834214
10.9373 -0.563236 834123
11.0373 -0.561613 834033
11.1373 -0.559986 833946
11.2373 -0.558379 833862
11.3373 -0.55682 833781
11.4373 -0.555246 833702
11.5373 -0.553631 833625
11.6373 -0.552047 833551
11.7373 -0.550452 833479
11.8373 -0.548878 833410
11.9373 -0.5473 833344
12.0373 -0.545746 833279
12.1373 -0.544185 833217
12.2373 -0.54261 833158
12.3373 -0.541039 833101
12.4373 -0.539448 833046
12.5373 -0.537883 832994
12.6373 -0.536383 832945
12.7373 -0.534852 832896
12.8373 -0.533339 832850
12.9373 -0.531822 832807
13.0373 -0.530339 832766
13.1373 -0.528822 832726
13.2373 -0.527367 832690
13.3373 -0.525913 832654
