-11.7627 -0.390464 851881
-11.6127 -0.392208 851705
-11.4627 -0.393945 851530
-11.3127 -0.39568 851357
-11.1627 -0.397422 851187
-11.0127 -0.39917 851019
-10.8627 -0.400908 850852
-10.7127 -0.402643 850686
-10.5627 -0.404385 850522
-10.4127 -0.406127 850362
-10.2627 -0.407859 850203
-10.1127 -0.409571 850046
-9.9627 -0.411296 849889
-9.8127 -0.413026 849736
-9.6627 -0.414764 849586
-9.5127 -0.41649 849437
-9.3627 -0.41822 849289
-9.2127 -0.419969 849144
-9.0627 -0.421722 849002
-8.9127 -0.423466 848861
-8.7627 -0.425213 848722
-8.6127 -0.426984 848584
-8.4627 -0.428775 848448
-8.3127 -0.430567 848314
-8.1627 -0.432358 848181
-8.0127 -0.434162 848048
-7.8627 -0.435981 847916
-7.7127 -0.437813 847785
-7.5627 -0.439643 847655
-7.4127 -0.441478 847524
-7.2627 -0.443338 847394
-7.1127 -0.445227 847264
-6.9627 -0.447132 847135
-6.8127 -0.449039 847005
-6.6627 -0.45096 846876
-6.5127 -0.452906 846748
-6.3627 -0.454885 846620
-6.2127 -0.456875 846493
-6.0627 -0.458877 846367
-5.9127 -0.460896 846243
-5.7627 -0.462958 846120
-5.6127 -0.465036 846000
-5.4627 -0.467129 845881
-5.3127 -0.469253 845765
-5.1627 -0.47142 845653
-5.0127 -0.473624 845543
-4.8627 -0.475847 845437
-4.7127 -0.478116 845334
-4.5627 -0.480437 845236
-4.4127 -0.482816 845141
-4.2627 -0.485223 845051
-4.1127 -0.487656 844964
-3.9627 -0.490127 844881
-3.8127 -0.492652 844804
-3.6627 -0.495217 844730
-3.5127 -0.497793 844661
-3.3627 -0.500389 844596
-3.2127 -0.503036 844535
-3.0627 -0.505736 844479
-2.9127 -0.508448 844427
-2.7627 -0.511172 844379
-2.6127 -0.513943 844335
-2.4627 -0.516778 844295
-2.3127 -0.519636 844258
-2.1627 -0.522504 844225
-2.0127 -0.525411 844195
-1.8627 -0.528389 844169
-1.7127 -0.531394 844145
-1.5627 -0.534409 844123
-1.4127 -0.537461 844103
-1.2627 -0.540587 844086
-1.1127 -0.54377 844071
-0.9627 -0.546978 844058
-0.8127 -0.55023 844047
-0.6627 -0.553552 844040
-0.5127 -0.556961 844036
-0.3627 -0.560401 844036
-0.2127 -0.563891 844041
-0.0627 -0.567461 844049
0.0873 -0.571137 844064
0.2373 -0.574885 844084
0.3873 -0.578678 844110
0.5373 -0.58254 844141
0.6873 -0.586483 844177
0.8373 -0.59052 844218
0.9873 -0.594612 844263
1.1373 -0.598765 844311
1.2873 -0.602994 844359
1.4373 -0.607314 844407
1.5873 -0.611681 844453
1.7373 -0.616047 844495
1.8873 -0.620404 844531
2.0373 -0.624739 844559
2.1873 -0.628991 844577
2.3373 -0.633082 844585
2.4873 -0.636983 844580
2.6373 -0.640668 844562
2.7873 -0.644086 844530
2.9373 -0.647122 844484
3.0873 -0.649699 844423
3.2373 -0.651833 844348
3.3873 -0.653507 844259
3.5373 -0.654624 844156
3.6873 -0.655113 844039
3.8373 -0.654978 843910
3.9873 -0.654259 843767
4.1373 -0.652972 843613
4.2873 -0.651163 843446
4.4373 -0.64889 843269
4.5873 -0.646256 843079
4.7373 -0.643313 842880
4.8873 -0.640047 842670
5.0373 -0.636498 842450
5.1873 -0.63275 842221
5.3373 -0.628904 841985
5.4873 -0.62496 841741
5.6373 -0.620939 841492
5.7873 -0.616896 841237
5.9373 -0.612877 840979
6.0873 -0.608883 840720
6.2373 -0.604903 840460
6.3873 -0.600961 840200
6.5373 -0.597088 839942
6.6873 -0.593306 839688
6.8373 -0.589591 839437
6.9873 -0.585923 839190
7.1373 -0.582318 838947
7.2873 -0.578793 838710
7.4373 -0.575342 838477
7.5873 -0.571927 838250
7.7373 -0.568562 838027
7.8873 -0.565274 837808
8.0373 -0.562069 837593
8.1873 -0.558904 837381
8.3373 -0.555762 837174
8.4873 -0.55269 836969
8.6373 -0.549694 836767
8.7873 -0.546727 836567
8.9373 -0.543775 836370
9.0873 -0.540875 836177
9.2373 -0.538048 835987
9.3873 -0.535277 835799
9.5373 -0.532524 835615
9.6873 -0.529811 835436
9.8373 -0.52715 835261
9.9873 -0.524549 835090
10.1373 -0.521973 834923
10.2873 -0.519418 834762
10.4373 -0.51692 834605
10.5873 -0.514486 834454
10.7373 -0.512094 834308
10.8873 -0.509729 834168
11.0373 -0.507404 834033
11.1873 -0.505129 833904
11.3373 -0.502901 833781
11.4873 -0.500689 833663
11.6373 -0.498497 833551
11.7873 -0.496335 833444
11.9373 -0.49421 833344
12.0873 -0.492093 833248
12.2373 -0.489987 833158
12.3873 -0.48792 833073
12.5373 -0.485892 832994
12.6873 -0.483884 832920
12.8373 -0.48188 832850
12.9873 -0.479902 832786
13.1373 -0.477967 832726
13.2873 -0.476056 832672
13.4373 -0.474149 832621
13.5873 -0.472259 832574
13.7373 -0.4704 832531
13.8873 -0.468563 832493
14.0373 -0.466721 832457
14.1873 -0.464872 832425
14.3373 -0.463028 832396
14.4873 -0.461216 832370
14.6373 -0.459421 832347
14.7873 -0.457615 832326
14.9373 -0.455804 832308
15.0873 -0.45401 832292
15.2373 -0.452228 832280
15.3873 -0.450429 832269
15.5373 -0.448628 832261
15.6873 -0.446838 832256
15.8373 -0.445066 832254
15.9873 -0.443283 832254
16.1373 -0.441496 832257
16.2873 -0.43972 832262
16.4373 -0.43795 832271
16.5873 -0.436186 832284
16.7373 -0.434403 832299
16.8873 -0.43261 832316
17.0373 -0.430829 832337
17.1873 -0.429059 832363
17.3373 -0.427264 832391
17.4873 -0.425442 832422
17.6373 -0.42362 832456
17.7873 -0.421818 832494
17.9373 -0.420016 832536
18.0873 -0.418194 832579
18.2373 -0.416368 832624
18.3873 -0.414555 832673
