-11.7627 -0.465324 851881
-11.6127 -0.467118 851705
-11.4627 -0.468877 851530
-11.3127 -0.470652 851357
-11.1627 -0.472471 851187
-11.0127 -0.474296 851019
-10.8627 -0.476062 850852
-10.7127 -0.478003 850686
-10.5627 -0.479788 850522
-10.4127 -0.48159 850362
-10.2627 -0.483406 850203
-10.1127 -0.485217 850046
-9.9627 -0.487127 849889
-9.8127 -0.488918 849736
-9.6627 -0.490775 849586
-9.5127 -0.492523 849437
-9.3627 -0.494408 849289
-9.2127 -0.496341 849144
-9.0627 -0.498114 849002
-8.9127 -0.500037 848861
-8.7627 -0.502005 848722
-8.6127 -0.503926 848584
-8.4627 -0.505881 848448
-8.3127 -0.507832 848314
-8.1627 -0.509676 848181
-8.0127 -0.511773 848048
-7.8627 -0.51372 847916
-7.7127 -0.515847 847785
-7.5627 -0.517864 847655
-7.4127 -0.519878 847524
-7.2627 -0.521982 847394
-7.1127 -0.524083 847264
-6.9627 -0.526215 847135
-6.8127 -0.528276 847005
-6.6627 -0.53048 846876
-6.5127 -0.532732 846748
-6.3627 -0.534907 846620
-6.2127 -0.537032 846493
-6.0627 -0.539225 846367
-5.9127 -0.541516 846243
-5.7627 -0.543816 846120
-5.6127 -0.546034 846000
-5.4627 -0.548323 845881
-5.3127 -0.550688 845765
-5.1627 -0.552984 845653
-5.0127 -0.555375 845543
-4.8627 -0.55785 845437
-4.7127 -0.560175 845334
-4.5627 -0.562606 845236
-4.4127 -0.565084 845141
-4.2627 -0.567572 845051
-4.1127 -0.570038 844964
-3.9627 -0.572631 844881
-3.8127 -0.575174 844804
-3.6627 -0.577793 844730
-3.5127 -0.580512 844661
-3.3627 -0.583053 844596
-3.2127 -0.585636 844535
-3.0627 -0.588409 844479
-2.9127 -0.591091 844427
-2.7627 -0.593833 844379
-2.6127 -0.596527 844335
-2.4627 -0.599377 844295
-2.3127 -0.602067 844258
-2.1627 -0.604753 844225
-2.0127 -0.607596 844195
-1.8627 -0.610399 844169
-1.7127 -0.613197 844145
-1.5627 -0.616004 844123
-1.4127 -0.618916 844103
-1.2627 -0.621789 844086
-1.1127 -0.624609 844071
-0.9627 -0.627531 844058
-0.8127 -0.630546 844047
-0.6627 -0.6335 844040
-0.5127 -0.636457 844036
-0.3627 -0.639495 844036
-0.2127 -0.64252 844041
-0.0627 -0.64559 844049
0.0873 -0.648672 844064
0.2373 -0.651886 844084
0.3873 -0.655028 844110
0.5373 -0.658195 844141
0.6873 -0.661491 844177
0.8373 -0.664825 844218
0.9873 -0.668143 844263
1.1373 -0.671571 844311
1.2873 -0.674927 844359
1.4373 -0.678412 844407
1.5873 -0.681912 844453
1.7373 -0.685408 844495
1.8873 -0.688909 844531
2.0373 -0.69246 844559
2.1873 -0.695916 844577
2.3373 -0.699323 844585
2.4873 -0.702533 844580
2.6373 -0.705653 844562
2.7873 -0.708452 844530
2.9373 -0.711019 844484
3.0873 -0.713373 844423
3.2373 -0.715226 844348
3.3873 -0.716883 844259
3.5373 -0.718063 844156
3.6873 -0.718447 844039
3.8373 -0.718398 843910
3.9873 -0.717699 843767
4.1373 -0.716418 843613
4.2873 -0.714782 843446
4.4373 -0.712864 843269
4.5873 -0.710624 843079
4.7373 -0.708058 842880
4.8873 -0.705305 842670
5.0373 -0.702456 842450
5.1873 -0.699439 842221
5.3373 -0.696477 841985
5.4873 -0.693344 841741
5.6373 -0.69026 841492
5.7873 -0.687137 841237
5.9373 -0.684077 840979
6.0873 -0.680966 840720
6.2373 -0.677801 840460
6.3873 -0.674816 840200
6.5373 -0.671681 839942
6.6873 -0.668728 839688
6.8373 -0.66579 839437
6.9873 -0.662703 839190
7.1373 -0.659869 838947
7.2873 -0.657057 838710
7.4373 -0.65411 838477
7.5873 -0.651343 838250
7.7373 -0.648499 838027
7.8873 -0.645739 837808
8.0373 -0.643024 837593
8.1873 -0.640476 837381
8.3373 -0.637678 837174
8.4873 -0.635029 836969
8.6373 -0.632411 836767
8.7873 -0.629799 836567
8.9373 -0.627105 836370
9.0873 -0.624604 836177
9.2373 -0.62202 835987
9.3873 -0.619523 835799
9.5373 -0.61697 835615
9.6873 -0.614432 835436
9.8373 -0.611885 835261
9.9873 -0.609335 835090
10.1373 -0.606886 834923
10.2873 -0.604238 834762
10.4373 -0.601845 834605
10.5873 -0.599476 834454
10.7373 -0.596976 834308
10.8873 -0.594473 834168
11.0373 -0.592143 834033
11.1873 -0.58985 833904
11.3373 -0.587543 833781
11.4873 -0.585165 833663
11.6373 -0.582806 833551
11.7873 -0.580515 833444
11.9373 -0.578173 833344
12.0873 -0.575898 833248
12.2373 -0.573594 833158
12.3873 -0.571229 833073
12.5373 -0.568929 832994
12.6873 -0.566726 832920
12.8373 -0.564518 832850
12.9873 -0.562383 832786
13.1373 -0.560183 832726
13.2873 -0.55804 832672
13.4373 -0.555916 832621
13.5873 -0.553732 832574
13.7373 -0.551653 832531
13.8873 -0.549592 832493
14.0373 -0.547537 832457
14.1873 -0.545378 832425
14.3373 -0.543312 832396
14.4873 -0.541308 832370
14.6373 -0.539307 832347
14.7873 -0.537312 832326
14.9373 -0.535329 832308
15.0873 -0.533187 832292
15.2373 -0.531173 832280
15.3873 -0.529318 832269
15.5373 -0.527299 832261
15.6873 -0.52534 832256
15.8373 -0.52346 832254
15.9873 -0.521583 832254
16.1373 -0.519594 832257
16.2873 -0.517859 832262
16.4373 -0.51583 832271
16.5873 -0.514035 832284
16.7373 -0.51227 832299
16.8873 -0.510284 832316
17.0373 -0.508369 832337
17.1873 -0.506548 832363
17.3373 -0.504624 832391
17.4873 -0.502808 832422
17.6373 -0.50081 832456
17.7873 -0.499009 832494
17.9373 -0.497123 832536
18.0873 -0.495277 832579
18.2373 -0.493267 832624
18.3873 -0.491436 832673
