-0.9951 -0.0389984 1.16268e+06
-0.9851 -0.038543 1.16174e+06
-0.9751 -0.0378301 1.16076e+06
-0.9651 -0.0373338 1.15978e+06
-0.9551 -0.0366912 1.15882e+06
-0.9451 -0.0361603 1.15792e+06
-0.9351 -0.0354553 1.1571e+06
-0.9251 -0.0345998 1.15631e+06
-0.9151 -0.0335316 1.15555e+06
-0.9051 -0.032289 1.15487e+06
-0.8951 -0.0310633 1.15426e+06
-0.8851 -0.0300037 1.15374e+06
-0.8751 -0.0288019 1.15331e+06
-0.8651 -0.0275832 1.15287e+06
-0.8551 -0.0264426 1.15258e+06
-0.8451 -0.0252166 1.15237e+06
-0.8351 -0.0240508 1.15228e+06
-0.8251 -0.0229039 1.1523e+06
-0.8151 -0.0217719 1.15245e+06
-0.8051 -0.0208646 1.15274e+06
-0.7951 -0.0196696 1.15311e+06
-0.7851 -0.0188 1.15336e+06
-0.7751 -0.0179454 1.15376e+06
-0.7651 -0.0170898 1.15434e+06
-0.7551 -0.0164014 1.15514e+06
-0.7451 -0.0157725 1.15609e+06
-0.7351 -0.0153071 1.15709e+06
-0.7251 -0.0148861 1.15821e+06
-0.7151 -0.014565 1.15949e+06
-0.7051 -0.0143762 1.16095e+06
-0.6951 -0.0140544 1.16253e+06
-0.6851 -0.0141097 1.16421e+06
-0.6751 -0.0156003 1.16586e+06
-0.6651 -0.0186144 1.16705e+06
-0.6551 -0.0229245 1.16764e+06
-0.6451 -0.0286967 1.16747e+06
-0.6351 -0.0365279 1.16696e+06
-0.6251 -0.0450092 1.1661e+06
-0.6151 -0.0535168 1.16458e+06
-0.6051 -0.0627146 1.16246e+06
-0.5951 -0.0720738 1.16008e+06
-0.5851 -0.0819033 1.15691e+06
-0.5751 -0.0923347 1.1531e+06
-0.5651 -0.103077 1.14875e+06
-0.5551 -0.114205 1.14385e+06
-0.5451 -0.126016 1.13846e+06
-0.5351 -0.138419 1.13261e+06
-0.5251 -0.150807 1.12627e+06
-0.5151 -0.163512 1.11971e+06
-0.5051 -0.176871 1.11298e+06
-0.4951 -0.190958 1.10586e+06
-0.4851 -0.204976 1.09856e+06
-0.4751 -0.219321 1.09094e+06
-0.4651 -0.233966 1.08293e+06
-0.4551 -0.248989 1.07484e+06
-0.4451 -0.263797 1.06635e+06
-0.4351 -0.278916 1.05776e+06
-0.4251 -0.293985 1.04902e+06
-0.4151 -0.308013 1.04003e+06
-0.4051 -0.321323 1.03092e+06
-0.3951 -0.33438 1.02185e+06
-0.3851 -0.34711 1.01273e+06
-0.3751 -0.35994 1.00363e+06
-0.3651 -0.372122 994668
-0.3551 -0.384259 985659
-0.3451 -0.395788 976997
-0.3351 -0.407522 968768
-0.3251 -0.417808 960996
-0.3151 -0.427038 953634
-0.3051 -0.435981 946717
-0.2951 -0.443884 940353
-0.2851 -0.45133 934568
-0.2751 -0.457772 929218
-0.2651 -0.463262 924489
-0.2551 -0.468522 919717
-0.2451 -0.472979 915373
-0.2351 -0.47795 910999
-0.2251 -0.482756 906541
-0.2151 -0.487377 902330
-0.2051 -0.492741 897951
-0.1951 -0.497764 893779
-0.1851 -0.50269 889744
-0.1751 -0.507978 885611
-0.1651 -0.5132 881663
-0.1551 -0.518848 878029
-0.1451 -0.525076 874251
-0.1351 -0.530872 870642
-0.1251 -0.537444 867329
-0.1151 -0.544443 863938
-0.1051 -0.551414 860836
-0.0950999 -0.55893 858113
-0.0850999 -0.566603 855740
-0.0750999 -0.574388 853607
-0.0650999 -0.581254 852067
-0.0550999 -0.590953 850701
-0.0450999 -0.604215 849587
-0.0350999 -0.616094 848662
-0.0250999 -0.632086 847709
-0.0150999 -0.656771 847252
-0.00509994 -0.670032 847963
0.00490006 -0.692933 844348
0.0149001 -0.689449 844475
0.0249001 -0.671278 842269
0.0349001 -0.646558 839863
0.0449001 -0.618379 836470
0.0549001 -0.591891 833228
0.0649001 -0.567163 830612
0.0749001 -0.547702 827391
0.0849001 -0.530791 823922
0.0949001 -0.515697 820156
0.1049 -0.502091 816671
0.1149 -0.489527 813505
0.1249 -0.478321 810486
0.1349 -0.467585 807343
0.1449 -0.457553 804677
0.1549 -0.447215 802253
0.1649 -0.43792 799881
0.1749 -0.428737 797490
0.1849 -0.419877 795186
0.1949 -0.411827 792879
0.2049 -0.403584 790523
0.2149 -0.395897 788069
0.2249 -0.388383 785751
0.2349 -0.381413 783407
0.2449 -0.37437 780908
0.2549 -0.367663 778390
0.2649 -0.360912 775980
0.2749 -0.354464 773555
0.2849 -0.348063 770975
0.2949 -0.341473 768454
0.3049 -0.335341 765926
0.3149 -0.328829 763022
0.3249 -0.321979 760133
0.3349 -0.315431 757258
0.3449 -0.308812 753985
0.3549 -0.302063 750767
0.3649 -0.295747 747287
0.3749 -0.289147 743529
0.3849 -0.282867 739910
0.3949 -0.275822 736299
0.4049 -0.268791 733200
0.4149 -0.261505 730525
0.4249 -0.253554 728020
0.4349 -0.246169 725712
0.4449 -0.238419 723630
0.4549 -0.230546 721814
0.4649 -0.22289 720128
0.4749 -0.215033 718547
0.4849 -0.207672 716751
0.4949 -0.200478 714922
0.5049 -0.192855 713236
0.5149 -0.185413 711642
0.5249 -0.177666 710334
0.5349 -0.169899 709201
0.5449 -0.161424 708171
0.5549 -0.154745 707328
0.5649 -0.147571 706605
0.5749 -0.14073 705982
0.5849 -0.134019 705504
0.5949 -0.127594 705072
0.6049 -0.120946 704864
0.6149 -0.115281 704658
0.6249 -0.109062 704579
0.6349 -0.103347 704662
0.6449 -0.0977929 704616
0.6549 -0.0921936 704661
0.6649 -0.0870238 704691
0.6749 -0.082178 704680
0.6849 -0.076644 704702
0.6949 -0.0714185 704717
0.7049 -0.066351 704582
0.7149 -0.0612173 704235
0.7249 -0.0557759 704068
0.7349 -0.0504618 703969
0.7449 -0.044961 703793
0.7549 -0.0393292 703340
0.7649 -0.0343568 703093
0.7749 -0.0290669 703008
0.7849 -0.0249592 703057
0.7949 -0.0214465 703730
0.8049 -0.0188481 704296
0.8149 -0.0153894 704856
0.8249 -0.0143848 705498
0.8349 -0.0150855 706171
0.8449 -0.0147234 706644
0.8549 -0.0151602 707107
0.8649 -0.0157512 707624
0.8749 -0.0157438 708158
0.8849 -0.0159741 708831
0.8949 -0.0159016 709226
0.9049 -0.0172201 709691
0.9149 -0.0174911 710551
0.9249 -0.0171778 711146
0.9349 -0.0181179 711522
0.9449 -0.0187228 712281
0.9549 -0.0199656 713379
0.9649 -0.021031 714066
0.9749 -0.0207604 714668
0.9849 -0.0215982 715436
0.9949 -0.0221207 716001
1.0049 -0.0230502 717251
1.0149 -0.0241511 717656
1.0249 -0.0248226 718872
1.0349 -0.0264719 721040
1.0449 -0.0293449 723088
1.0549 -0.0296434 725554
1.0649 -0.0312455 729526
1.0749 -0.0340735 733126
1.0849 -0.034674 736770
1.0949 -0.0356653 742582
1.1049 -0.0416661 749104
1.1149 -0.0425344 756959
1.1249 -0.042357 768371
1.1349 -0.0496083 781166
1.1449 -0.0559524 794500
1.1549 -0.0547227 813015
1.1649 -0.0615651 831727
1.1749 -0.0696061 853819
1.1849 -0.0689938 877456
1.1949 -0.0712974 901823
1.2049 -0.0776924 925799
