-11.7627 -0.183796 851881
-11.6127 -0.184326 851705
-11.4627 -0.184845 851530
-11.3127 -0.185353 851357
-11.1627 -0.185852 851187
-11.0127 -0.186342 851019
-10.8627 -0.186822 850852
-10.7127 -0.187289 850686
-10.5627 -0.187744 850522
-10.4127 -0.18819 850362
-10.2627 -0.188627 850203
-10.1127 -0.189051 850046
-9.9627 -0.189465 849889
-9.8127 -0.189868 849736
-9.6627 -0.190262 849586
-9.5127 -0.190642 849437
-9.3627 -0.191013 849289
-9.2127 -0.191374 849144
-9.0627 -0.191726 849002
-8.9127 -0.192065 848861
-8.7627 -0.192392 848722
-8.6127 -0.192712 848584
-8.4627 -0.193027 848448
-8.3127 -0.193335 848314
-8.1627 -0.193634 848181
-8.0127 -0.193928 848048
-7.8627 -0.194221 847916
-7.7127 -0.194515 847785
-7.5627 -0.194807 847655
-7.4127 -0.195096 847524
-7.2627 -0.195387 847394
-7.1127 -0.195683 847264
-6.9627 -0.195981 847135
-6.8127 -0.19628 847005
-6.6627 -0.196581 846876
-6.5127 -0.196889 846748
-6.3627 -0.197202 846620
-6.2127 -0.197519 846493
-6.0627 -0.197841 846367
-5.9127 -0.198169 846243
-5.7627 -0.198506 846120
-5.6127 -0.19885 846000
-5.4627 -0.1992 845881
-5.3127 -0.199558 845765
-5.1627 -0.199926 845653
-5.0127 -0.200305 845543
-4.8627 -0.200692 845437
-4.7127 -0.201091 845334
-4.5627 -0.201502 845236
-4.4127 -0.201926 845141
-4.2627 -0.202361 845051
-4.1127 -0.202811 844964
-3.9627 -0.20328 844881
-3.8127 -0.203765 844804
-3.6627 -0.204263 844730
-3.5127 -0.204774 844661
-3.3627 -0.205304 844596
-3.2127 -0.205854 844535
-3.0627 -0.206422 844479
-2.9127 -0.207002 844427
-2.7627 -0.2076 844379
-2.6127 -0.208218 844335
-2.4627 -0.208858 844295
-2.3127 -0.209518 844258
-2.1627 -0.210198 844225
-2.0127 -0.210904 844195
-1.8627 -0.211638 844169
-1.7127 -0.212402 844145
-1.5627 -0.213194 844123
-1.4127 -0.214021 844103
-1.2627 -0.214886 844086
-1.1127 -0.215792 844071
-0.9627 -0.216735 844058
-0.8127 -0.21772 844047
-0.6627 -0.218748 844040
-0.5127 -0.219822 844036
-0.3627 -0.220935 844036
-0.2127 -0.222085 844041
-0.0627 -0.223275 844049
0.0873 -0.224501 844064
0.2373 -0.225758 844084
0.3873 -0.22704 844110
0.5373 -0.228344 844141
0.6873 -0.229669 844177
0.8373 -0.231007 844218
0.9873 -0.232346 844263
1.1373 -0.23368 844311
1.2873 -0.235007 844359
1.4373 -0.236318 844407
1.5873 -0.237599 844453
1.7373 -0.238839 844495
1.8873 -0.240033 844531
2.0373 -0.241175 844559
2.1873 -0.242254 844577
2.3373 -0.243254 844585
2.4873 -0.24417 844580
2.6373 -0.244999 844562
2.7873 -0.245732 844530
2.9373 -0.246363 844484
3.0873 -0.246888 844423
3.2373 -0.247307 844348
3.3873 -0.247621 844259
3.5373 -0.247826 844156
3.6873 -0.24792 844039
3.8373 -0.247907 843910
3.9873 -0.247791 843767
4.1373 -0.247573 843613
4.2873 -0.247251 843446
4.4373 -0.24683 843269
4.5873 -0.246315 843079
4.7373 -0.245712 842880
4.8873 -0.245024 842670
5.0373 -0.244257 842450
5.1873 -0.243419 842221
5.3373 -0.24252 841985
5.4873 -0.241566 841741
5.6373 -0.240563 841492
5.7873 -0.239521 841237
5.9373 -0.238449 840979
6.0873 -0.237354 840720
6.2373 -0.236243 840460
6.3873 -0.235119 840200
6.5373 -0.233991 839942
6.6873 -0.232865 839688
6.8373 -0.231744 839437
6.9873 -0.230631 839190
7.1373 -0.229531 838947
7.2873 -0.228451 838710
7.4373 -0.227393 838477
7.5873 -0.226359 838250
7.7373 -0.22535 838027
7.8873 -0.224372 837808
8.0373 -0.223424 837593
8.1873 -0.222508 837381
8.3373 -0.221622 837174
8.4873 -0.220771 836969
8.6373 -0.219952 836767
8.7873 -0.219164 836567
8.9373 -0.218406 836370
9.0873 -0.217679 836177
9.2373 -0.216982 835987
9.3873 -0.216313 835799
9.5373 -0.215668 835615
9.6873 -0.215047 835436
9.8373 -0.21445 835261
9.9873 -0.213878 835090
10.1373 -0.213327 834923
10.2873 -0.212794 834762
10.4373 -0.212281 834605
10.5873 -0.211789 834454
10.7373 -0.211314 834308
10.8873 -0.210855 834168
11.0373 -0.210417 834033
11.1873 -0.209997 833904
11.3373 -0.209593 833781
11.4873 -0.2092 833663
11.6373 -0.20882 833551
11.7873 -0.208457 833444
11.9373 -0.208109 833344
12.0873 -0.207769 833248
12.2373 -0.207436 833158
12.3873 -0.207116 833073
12.5373 -0.206808 832994
12.6873 -0.206508 832920
12.8373 -0.206214 832850
12.9873 -0.205927 832786
13.1373 -0.205651 832726
13.2873 -0.205382 832672
13.4373 -0.205115 832621
13.5873 -0.204853 832574
13.7373 -0.204598 832531
13.8873 -0.204351 832493
14.0373 -0.204106 832457
14.1873 -0.203859 832425
14.3373 -0.203615 832396
14.4873 -0.203377 832370
14.6373 -0.203138 832347
14.7873 -0.202894 832326
14.9373 -0.202642 832308
15.0873 -0.202389 832292
15.2373 -0.202129 832280
15.3873 -0.201859 832269
15.5373 -0.201575 832261
15.6873 -0.201279 832256
15.8373 -0.200972 832254
15.9873 -0.20065 832254
16.1373 -0.200309 832257
16.2873 -0.19995 832262
16.4373 -0.199577 832271
16.5873 -0.199186 832284
16.7373 -0.198778 832299
16.8873 -0.19835 832316
17.0373 -0.197907 832337
17.1873 -0.197449 832363
17.3373 -0.196974 832391
17.4873 -0.196481 832422
17.6373 -0.195974 832456
17.7873 -0.195454 832494
17.9373 -0.19492 832536
18.0873 -0.194371 832579
18.2373 -0.193811 832624
18.3873 -0.193242 832673
