-11.7627 -0.443976 851881
-11.6127 -0.445736 851705
-11.4627 -0.447606 851530
-11.3127 -0.449445 851357
-11.1627 -0.451284 851187
-11.0127 -0.453172 851019
-10.8627 -0.454967 850852
-10.7127 -0.456791 850686
-10.5627 -0.458688 850522
-10.4127 -0.46057 850362
-10.2627 -0.462371 850203
-10.1127 -0.464204 850046
-9.9627 -0.466101 849889
-9.8127 -0.467963 849736
-9.6627 -0.469829 849586
-9.5127 -0.471694 849437
-9.3627 -0.473588 849289
-9.2127 -0.475497 849144
-9.0627 -0.477382 849002
-8.9127 -0.479243 848861
-8.7627 -0.481218 848722
-8.6127 -0.483159 848584
-8.4627 -0.485108 848448
-8.3127 -0.487079 848314
-8.1627 -0.489014 848181
-8.0127 -0.491057 848048
-7.8627 -0.493072 847916
-7.7127 -0.495108 847785
-7.5627 -0.49717 847655
-7.4127 -0.499208 847524
-7.2627 -0.501326 847394
-7.1127 -0.503434 847264
-6.9627 -0.50557 847135
-6.8127 -0.507723 847005
-6.6627 -0.509835 846876
-6.5127 -0.51206 846748
-6.3627 -0.514232 846620
-6.2127 -0.516433 846493
-6.0627 -0.518695 846367
-5.9127 -0.520981 846243
-5.7627 -0.523253 846120
-5.6127 -0.525545 846000
-5.4627 -0.52788 845881
-5.3127 -0.530219 845765
-5.1627 -0.532564 845653
-5.0127 -0.534947 845543
-4.8627 -0.537392 845437
-4.7127 -0.539733 845334
-4.5627 -0.542202 845236
-4.4127 -0.544688 845141
-4.2627 -0.547198 845051
-4.1127 -0.549707 844964
-3.9627 -0.552354 844881
-3.8127 -0.554928 844804
-3.6627 -0.55758 844730
-3.5127 -0.560288 844661
-3.3627 -0.562922 844596
-3.2127 -0.56556 844535
-3.0627 -0.568323 844479
-2.9127 -0.571059 844427
-2.7627 -0.573795 844379
-2.6127 -0.57655 844335
-2.4627 -0.579315 844295
-2.3127 -0.58215 844258
-2.1627 -0.584919 844225
-2.0127 -0.587731 844195
-1.8627 -0.590558 844169
-1.7127 -0.593408 844145
-1.5627 -0.596243 844123
-1.4127 -0.59914 844103
-1.2627 -0.60207 844086
-1.1127 -0.605013 844071
-0.9627 -0.60792 844058
-0.8127 -0.610977 844047
-0.6627 -0.613966 844040
-0.5127 -0.616976 844036
-0.3627 -0.62015 844036
-0.2127 -0.623233 844041
-0.0627 -0.626389 844049
0.0873 -0.629596 844064
0.2373 -0.63295 844084
0.3873 -0.636247 844110
0.5373 -0.639649 844141
0.6873 -0.643093 844177
0.8373 -0.646629 844218
0.9873 -0.650189 844263
1.1373 -0.653817 844311
1.2873 -0.657475 844359
1.4373 -0.661251 844407
1.5873 -0.665026 844453
1.7373 -0.668854 844495
1.8873 -0.672669 844531
2.0373 -0.676506 844559
2.1873 -0.680271 844577
2.3373 -0.683956 844585
2.4873 -0.687421 844580
2.6373 -0.690759 844562
2.7873 -0.693825 844530
2.9373 -0.696618 844484
3.0873 -0.699053 844423
3.2373 -0.701151 844348
3.3873 -0.702802 844259
3.5373 -0.703994 844156
3.6873 -0.704473 844039
3.8373 -0.70437 843910
3.9873 -0.703625 843767
4.1373 -0.702312 843613
4.2873 -0.70051 843446
4.4373 -0.698419 843269
4.5873 -0.69593 843079
4.7373 -0.693176 842880
4.8873 -0.690216 842670
5.0373 -0.687107 842450
5.1873 -0.683861 842221
5.3373 -0.680615 841985
5.4873 -0.677224 841741
5.6373 -0.673853 841492
5.7873 -0.670472 841237
5.9373 -0.667134 840979
6.0873 -0.663751 840720
6.2373 -0.660403 840460
6.3873 -0.657142 840200
6.5373 -0.6539 839942
6.6873 -0.650698 839688
6.8373 -0.647612 839437
6.9873 -0.64442 839190
7.1373 -0.641417 838947
7.2873 -0.638376 838710
7.4373 -0.635394 838477
7.5873 -0.632432 838250
7.7373 -0.629538 838027
7.8873 -0.626656 837808
8.0373 -0.62386 837593
8.1873 -0.621137 837381
8.3373 -0.618343 837174
8.4873 -0.61563 836969
8.6373 -0.612902 836767
8.7873 -0.610202 836567
8.9373 -0.607522 836370
9.0873 -0.604908 836177
9.2373 -0.602253 835987
9.3873 -0.599749 835799
9.5373 -0.597123 835615
9.6873 -0.594582 835436
9.8373 -0.591959 835261
9.9873 -0.589435 835090
10.1373 -0.586888 834923
10.2873 -0.58432 834762
10.4373 -0.581791 834605
10.5873 -0.579383 834454
10.7373 -0.576854 834308
10.8873 -0.574385 834168
11.0373 -0.571953 834033
11.1873 -0.569557 833904
11.3373 -0.56725 833781
11.4873 -0.564795 833663
11.6373 -0.562422 833551
11.7873 -0.560097 833444
11.9373 -0.557769 833344
12.0873 -0.555461 833248
12.2373 -0.553094 833158
12.3873 -0.550778 833073
12.5373 -0.54843 832994
12.6873 -0.54618 832920
12.8373 -0.543931 832850
12.9873 -0.5417 832786
13.1373 -0.539478 832726
13.2873 -0.537329 832672
13.4373 -0.535161 832621
13.5873 -0.533005 832574
13.7373 -0.530866 832531
13.8873 -0.52875 832493
14.0373 -0.52664 832457
14.1873 -0.524501 832425
14.3373 -0.522421 832396
14.4873 -0.520384 832370
14.6373 -0.518326 832347
14.7873 -0.516299 832326
14.9373 -0.51429 832308
15.0873 -0.512228 832292
15.2373 -0.510225 832280
15.3873 -0.508251 832269
15.5373 -0.506255 832261
15.6873 -0.504201 832256
15.8373 -0.502243 832254
15.9873 -0.500295 832254
16.1373 -0.498369 832257
16.2873 -0.496435 832262
16.4373 -0.494444 832271
16.5873 -0.492592 832284
16.7373 -0.490608 832299
16.8873 -0.488689 832316
17.0373 -0.486723 832337
17.1873 -0.484775 832363
17.3373 -0.482849 832391
17.4873 -0.480889 832422
17.6373 -0.47889 832456
17.7873 -0.476973 832494
17.9373 -0.47506 832536
18.0873 -0.473146 832579
18.2373 -0.47114 832624
18.3873 -0.469217 832673
