-11.7627 -0.318565 851881
-11.6127 -0.319664 851705
-11.4627 -0.320748 851530
-11.3127 -0.321825 851357
-11.1627 -0.322895 851187
-11.0127 -0.323956 851019
-10.8627 -0.325005 850852
-10.7127 -0.32604 850686
-10.5627 -0.327066 850522
-10.4127 -0.328079 850362
-10.2627 -0.329081 850203
-10.1127 -0.330074 850046
-9.9627 -0.33106 849889
-9.8127 -0.332035 849736
-9.6627 -0.333 849586
-9.5127 -0.333955 849437
-9.3627 -0.334906 849289
-9.2127 -0.335852 849144
-9.0627 -0.336789 849002
-8.9127 -0.337716 848861
-8.7627 -0.338634 848722
-8.6127 -0.339555 848584
-8.4627 -0.340474 848448
-8.3127 -0.341388 848314
-8.1627 -0.34229 848181
-8.0127 -0.34319 848048
-7.8627 -0.344093 847916
-7.7127 -0.344995 847785
-7.5627 -0.345889 847655
-7.4127 -0.346777 847524
-7.2627 -0.347671 847394
-7.1127 -0.348569 847264
-6.9627 -0.34947 847135
-6.8127 -0.350372 847005
-6.6627 -0.351281 846876
-6.5127 -0.352201 846748
-6.3627 -0.353137 846620
-6.2127 -0.354084 846493
-6.0627 -0.355048 846367
-5.9127 -0.356032 846243
-5.7627 -0.357035 846120
-5.6127 -0.358054 846000
-5.4627 -0.359094 845881
-5.3127 -0.360162 845765
-5.1627 -0.361254 845653
-5.0127 -0.362366 845543
-4.8627 -0.363503 845437
-4.7127 -0.364679 845334
-4.5627 -0.36589 845236
-4.4127 -0.367128 845141
-4.2627 -0.368391 845051
-4.1127 -0.369694 844964
-3.9627 -0.37104 844881
-3.8127 -0.372419 844804
-3.6627 -0.373824 844730
-3.5127 -0.375261 844661
-3.3627 -0.376744 844596
-3.2127 -0.37827 844535
-3.0627 -0.379828 844479
-2.9127 -0.381416 844427
-2.7627 -0.383052 844379
-2.6127 -0.384738 844335
-2.4627 -0.386468 844295
-2.3127 -0.388234 844258
-2.1627 -0.390046 844225
-2.0127 -0.391918 844195
-1.8627 -0.393844 844169
-1.7127 -0.395815 844145
-1.5627 -0.397833 844123
-1.4127 -0.399914 844103
-1.2627 -0.402058 844086
-1.1127 -0.404258 844071
-0.9627 -0.406506 844058
-0.8127 -0.408817 844047
-0.6627 -0.411202 844040
-0.5127 -0.413656 844036
-0.3627 -0.41617 844036
-0.2127 -0.418748 844041
-0.0627 -0.421404 844049
0.0873 -0.424136 844064
0.2373 -0.426931 844084
0.3873 -0.429779 844110
0.5373 -0.432692 844141
0.6873 -0.435669 844177
0.8373 -0.438691 844218
0.9873 -0.441738 844263
1.1373 -0.444805 844311
1.2873 -0.447889 844359
1.4373 -0.450971 844407
1.5873 -0.454017 844453
1.7373 -0.457002 844495
1.8873 -0.459916 844531
2.0373 -0.462736 844559
2.1873 -0.465421 844577
2.3373 -0.467934 844585
2.4873 -0.470262 844580
2.6373 -0.472389 844562
2.7873 -0.474279 844530
2.9373 -0.4759 844484
3.0873 -0.477244 844423
3.2373 -0.478318 844348
3.3873 -0.479111 844259
3.5373 -0.479605 844156
3.6873 -0.4798 844039
3.8373 -0.479712 843910
3.9873 -0.479354 843767
4.1373 -0.478718 843613
4.2873 -0.477807 843446
4.4373 -0.476644 843269
4.5873 -0.475256 843079
4.7373 -0.47365 842880
4.8873 -0.471838 842670
5.0373 -0.469848 842450
5.1873 -0.46772 842221
5.3373 -0.465472 841985
5.4873 -0.463109 841741
5.6373 -0.46065 841492
5.7873 -0.458124 841237
5.9373 -0.45555 840979
6.0873 -0.452929 840720
6.2373 -0.450274 840460
6.3873 -0.447606 840200
6.5373 -0.444946 839942
6.6873 -0.442294 839688
6.8373 -0.439655 839437
6.9873 -0.43704 839190
7.1373 -0.434462 838947
7.2873 -0.431926 838710
7.4373 -0.42943 838477
7.5873 -0.42698 838250
7.7373 -0.424582 838027
7.8873 -0.422245 837808
8.0373 -0.419962 837593
8.1873 -0.417735 837381
8.3373 -0.415569 837174
8.4873 -0.413475 836969
8.6373 -0.411443 836767
8.7873 -0.409467 836567
8.9373 -0.407548 836370
9.0873 -0.405696 836177
9.2373 -0.403907 835987
9.3873 -0.402175 835799
9.5373 -0.400495 835615
9.6873 -0.39887 835436
9.8373 -0.397305 835261
9.9873 -0.395794 835090
10.1373 -0.394332 834923
10.2873 -0.392916 834762
10.4373 -0.391551 834605
10.5873 -0.39023 834454
10.7373 -0.388949 834308
10.8873 -0.387703 834168
11.0373 -0.386493 834033
11.1873 -0.385318 833904
11.3373 -0.384168 833781
11.4873 -0.383039 833663
11.6373 -0.381935 833551
11.7873 -0.380858 833444
11.9373 -0.3798 833344
12.0873 -0.378761 833248
12.2373 -0.377741 833158
12.3873 -0.376746 833073
12.5373 -0.375771 832994
12.6873 -0.374811 832920
12.8373 -0.37387 832850
12.9873 -0.372952 832786
13.1373 -0.372059 832726
13.2873 -0.371182 832672
13.4373 -0.370318 832621
13.5873 -0.36947 832574
13.7373 -0.368644 832531
13.8873 -0.367831 832493
14.0373 -0.367024 832457
14.1873 -0.366219 832425
14.3373 -0.365423 832396
14.4873 -0.364636 832370
14.6373 -0.363847 832347
14.7873 -0.363052 832326
14.9373 -0.362253 832308
15.0873 -0.361454 832292
15.2373 -0.360646 832280
15.3873 -0.359821 832269
15.5373 -0.358977 832261
15.6873 -0.358119 832256
15.8373 -0.357245 832254
15.9873 -0.356349 832254
16.1373 -0.355429 832257
16.2873 -0.354487 832262
16.4373 -0.353526 832271
16.5873 -0.35254 832284
16.7373 -0.351529 832299
16.8873 -0.350496 832316
17.0373 -0.349445 832337
17.1873 -0.348371 832363
17.3373 -0.347274 832391
17.4873 -0.346157 832422
17.6373 -0.345028 832456
17.7873 -0.343885 832494
17.9373 -0.342723 832536
18.0873 -0.341545 832579
18.2373 -0.340357 832624
18.3873 -0.33916 832673
