-11.7627 -0.407484 851881
-11.6127 -0.409295 851705
-11.4627 -0.411095 851530
-11.3127 -0.412914 851357
-11.1627 -0.414754 851187
-11.0127 -0.416581 851019
-10.8627 -0.418384 850852
-10.7127 -0.4202 850686
-10.5627 -0.422035 850522
-10.4127 -0.423886 850362
-10.2627 -0.425704 850203
-10.1127 -0.42753 850046
-9.9627 -0.429373 849889
-9.8127 -0.431224 849736
-9.6627 -0.433073 849586
-9.5127 -0.434913 849437
-9.3627 -0.436771 849289
-9.2127 -0.438645 849144
-9.0627 -0.440523 849002
-8.9127 -0.442372 848861
-8.7627 -0.444247 848722
-8.6127 -0.446163 848584
-8.4627 -0.448086 848448
-8.3127 -0.450004 848314
-8.1627 -0.451929 848181
-8.0127 -0.453883 848048
-7.8627 -0.455867 847916
-7.7127 -0.457849 847785
-7.5627 -0.459819 847655
-7.4127 -0.461816 847524
-7.2627 -0.463845 847394
-7.1127 -0.465874 847264
-6.9627 -0.467925 847135
-6.8127 -0.469986 847005
-6.6627 -0.472075 846876
-6.5127 -0.474185 846748
-6.3627 -0.476306 846620
-6.2127 -0.478453 846493
-6.0627 -0.480625 846367
-5.9127 -0.482806 846243
-5.7627 -0.485021 846120
-5.6127 -0.487252 846000
-5.4627 -0.489507 845881
-5.3127 -0.491795 845765
-5.1627 -0.494117 845653
-5.0127 -0.496451 845543
-4.8627 -0.498815 845437
-4.7127 -0.50121 845334
-4.5627 -0.503631 845236
-4.4127 -0.506101 845141
-4.2627 -0.508595 845051
-4.1127 -0.511114 844964
-3.9627 -0.513679 844881
-3.8127 -0.516267 844804
-3.6627 -0.518886 844730
-3.5127 -0.521529 844661
-3.3627 -0.524177 844596
-3.2127 -0.526837 844535
-3.0627 -0.529538 844479
-2.9127 -0.532243 844427
-2.7627 -0.534956 844379
-2.6127 -0.537707 844335
-2.4627 -0.540484 844295
-2.3127 -0.54329 844258
-2.1627 -0.546101 844225
-2.0127 -0.548942 844195
-1.8627 -0.551819 844169
-1.7127 -0.554698 844145
-1.5627 -0.557612 844123
-1.4127 -0.560553 844103
-1.2627 -0.563549 844086
-1.1127 -0.566587 844071
-0.9627 -0.569655 844058
-0.8127 -0.572779 844047
-0.6627 -0.57594 844040
-0.5127 -0.579202 844036
-0.3627 -0.582487 844036
-0.2127 -0.585819 844041
-0.0627 -0.589251 844049
0.0873 -0.592763 844064
0.2373 -0.596359 844084
0.3873 -0.600017 844110
0.5373 -0.603748 844141
0.6873 -0.607558 844177
0.8373 -0.611447 844218
0.9873 -0.615399 844263
1.1373 -0.619425 844311
1.2873 -0.623533 844359
1.4373 -0.627726 844407
1.5873 -0.631977 844453
1.7373 -0.636235 844495
1.8873 -0.640497 844531
2.0373 -0.64475 844559
2.1873 -0.648952 844577
2.3373 -0.653009 844585
2.4873 -0.656898 844580
2.6373 -0.660569 844562
2.7873 -0.663977 844530
2.9373 -0.667057 844484
3.0873 -0.669722 844423
3.2373 -0.671957 844348
3.3873 -0.673707 844259
3.5373 -0.6749 844156
3.6873 -0.675431 844039
3.8373 -0.675316 843910
3.9873 -0.674556 843767
4.1373 -0.673178 843613
4.2873 -0.671286 843446
4.4373 -0.668944 843269
4.5873 -0.666253 843079
4.7373 -0.663236 842880
4.8873 -0.659939 842670
5.0373 -0.656389 842450
5.1873 -0.652686 842221
5.3373 -0.648907 841985
5.4873 -0.645074 841741
5.6373 -0.641201 841492
5.7873 -0.637318 841237
5.9373 -0.633456 840979
6.0873 -0.629628 840720
6.2373 -0.62584 840460
6.3873 -0.6221 840200
6.5373 -0.618416 839942
6.6873 -0.614823 839688
6.8373 -0.611313 839437
6.9873 -0.607831 839190
7.1373 -0.604406 838947
7.2873 -0.60105 838710
7.4373 -0.597774 838477
7.5873 -0.594551 838250
7.7373 -0.591382 838027
7.8873 -0.588265 837808
8.0373 -0.585224 837593
8.1873 -0.582246 837381
8.3373 -0.579279 837174
8.4873 -0.576374 836969
8.6373 -0.573536 836767
8.7873 -0.570732 836567
8.9373 -0.567951 836370
9.0873 -0.56521 836177
9.2373 -0.562501 835987
9.3873 -0.559852 835799
9.5373 -0.557222 835615
9.6873 -0.554608 835436
9.8373 -0.552037 835261
9.9873 -0.549493 835090
10.1373 -0.546971 834923
10.2873 -0.544474 834762
10.4373 -0.542007 834605
10.5873 -0.539582 834454
10.7373 -0.537192 834308
10.8873 -0.534827 834168
11.0373 -0.53249 834033
11.1873 -0.530159 833904
11.3373 -0.527878 833781
11.4873 -0.525607 833663
11.6373 -0.523345 833551
11.7873 -0.521094 833444
11.9373 -0.518874 833344
12.0873 -0.516666 833248
12.2373 -0.51444 833158
12.3873 -0.512241 833073
12.5373 -0.510048 832994
12.6873 -0.507895 832920
12.8373 -0.505752 832850
12.9873 -0.503632 832786
13.1373 -0.501525 832726
13.2873 -0.49946 832672
13.4373 -0.497405 832621
13.5873 -0.495351 832574
13.7373 -0.493329 832531
13.8873 -0.491329 832493
14.0373 -0.489334 832457
14.1873 -0.487345 832425
14.3373 -0.485341 832396
14.4873 -0.483367 832370
14.6373 -0.481412 832347
14.7873 -0.479467 832326
14.9373 -0.477518 832308
15.0873 -0.475568 832292
15.2373 -0.473635 832280
15.3873 -0.471707 832269
15.5373 -0.469778 832261
15.6873 -0.467839 832256
15.8373 -0.465909 832254
15.9873 -0.463998 832254
16.1373 -0.462099 832257
16.2873 -0.460193 832262
16.4373 -0.458284 832271
16.5873 -0.45639 832284
16.7373 -0.454491 832299
16.8873 -0.452589 832316
17.0373 -0.450692 832337
17.1873 -0.44881 832363
17.3373 -0.446913 832391
17.4873 -0.444991 832422
17.6373 -0.443068 832456
17.7873 -0.441146 832494
17.9373 -0.439263 832536
18.0873 -0.437353 832579
18.2373 -0.435427 832624
18.3873 -0.433524 832673
