-11.7627 -0.431944 851881
-11.6127 -0.433788 851705
-11.4627 -0.435636 851530
-11.3127 -0.437474 851357
-11.1627 -0.439372 851187
-11.0127 -0.44126 851019
-10.8627 -0.443098 850852
-10.7127 -0.444968 850686
-10.5627 -0.44687 850522
-10.4127 -0.448765 850362
-10.2627 -0.450659 850203
-10.1127 -0.45254 850046
-9.9627 -0.454461 849889
-9.8127 -0.456367 849736
-9.6627 -0.458243 849586
-9.5127 -0.460135 849437
-9.3627 -0.462039 849289
-9.2127 -0.463994 849144
-9.0627 -0.465911 849002
-8.9127 -0.467792 848861
-8.7627 -0.469744 848722
-8.6127 -0.471721 848584
-8.4627 -0.473695 848448
-8.3127 -0.47568 848314
-8.1627 -0.477662 848181
-8.0127 -0.479719 848048
-7.8627 -0.481776 847916
-7.7127 -0.483839 847785
-7.5627 -0.485892 847655
-7.4127 -0.487986 847524
-7.2627 -0.490109 847394
-7.1127 -0.492249 847264
-6.9627 -0.494372 847135
-6.8127 -0.496534 847005
-6.6627 -0.498706 846876
-6.5127 -0.500925 846748
-6.3627 -0.503136 846620
-6.2127 -0.505382 846493
-6.0627 -0.507638 846367
-5.9127 -0.509903 846243
-5.7627 -0.512206 846120
-5.6127 -0.5145 846000
-5.4627 -0.516829 845881
-5.3127 -0.51919 845765
-5.1627 -0.521576 845653
-5.0127 -0.523986 845543
-4.8627 -0.526418 845437
-4.7127 -0.528857 845334
-4.5627 -0.531336 845236
-4.4127 -0.533868 845141
-4.2627 -0.536411 845051
-4.1127 -0.538984 844964
-3.9627 -0.541596 844881
-3.8127 -0.544207 844804
-3.6627 -0.54686 844730
-3.5127 -0.549566 844661
-3.3627 -0.552249 844596
-3.2127 -0.554946 844535
-3.0627 -0.55768 844479
-2.9127 -0.560439 844427
-2.7627 -0.563183 844379
-2.6127 -0.565981 844335
-2.4627 -0.568768 844295
-2.3127 -0.571576 844258
-2.1627 -0.574375 844225
-2.0127 -0.577209 844195
-1.8627 -0.580067 844169
-1.7127 -0.582927 844145
-1.5627 -0.585783 844123
-1.4127 -0.588711 844103
-1.2627 -0.591647 844086
-1.1127 -0.594602 844071
-0.9627 -0.597578 844058
-0.8127 -0.60064 844047
-0.6627 -0.603682 844040
-0.5127 -0.606777 844036
-0.3627 -0.609923 844036
-0.2127 -0.613097 844041
-0.0627 -0.616325 844049
0.0873 -0.619614 844064
0.2373 -0.622978 844084
0.3873 -0.626381 844110
0.5373 -0.629845 844141
0.6873 -0.63337 844177
0.8373 -0.63696 844218
0.9873 -0.640635 844263
1.1373 -0.644358 844311
1.2873 -0.648165 844359
1.4373 -0.652061 844407
1.5873 -0.655952 844453
1.7373 -0.659887 844495
1.8873 -0.663803 844531
2.0373 -0.667714 844559
2.1873 -0.671598 844577
2.3373 -0.675349 844585
2.4873 -0.678929 844580
2.6373 -0.682315 844562
2.7873 -0.685462 844530
2.9373 -0.688329 844484
3.0873 -0.690835 844423
3.2373 -0.692933 844348
3.3873 -0.694577 844259
3.5373 -0.695729 844156
3.6873 -0.696228 844039
3.8373 -0.696112 843910
3.9873 -0.695362 843767
4.1373 -0.694014 843613
4.2873 -0.692219 843446
4.4373 -0.690016 843269
4.5873 -0.687508 843079
4.7373 -0.684699 842880
4.8873 -0.681631 842670
5.0373 -0.678405 842450
5.1873 -0.675089 842221
5.3373 -0.671701 841985
5.4873 -0.668269 841741
5.6373 -0.66479 841492
5.7873 -0.661318 841237
5.9373 -0.657882 840979
6.0873 -0.654442 840720
6.2373 -0.651039 840460
6.3873 -0.647692 840200
6.5373 -0.644395 839942
6.6873 -0.641173 839688
6.8373 -0.63799 839437
6.9873 -0.634832 839190
7.1373 -0.631728 838947
7.2873 -0.628666 838710
7.4373 -0.625657 838477
7.5873 -0.622676 838250
7.7373 -0.619709 838027
7.8873 -0.616762 837808
8.0373 -0.613926 837593
8.1873 -0.61112 837381
8.3373 -0.608294 837174
8.4873 -0.605511 836969
8.6373 -0.602773 836767
8.7873 -0.600074 836567
8.9373 -0.597363 836370
9.0873 -0.594688 836177
9.2373 -0.592042 835987
9.3873 -0.589438 835799
9.5373 -0.586854 835615
9.6873 -0.584251 835436
9.8373 -0.581688 835261
9.9873 -0.579119 835090
10.1373 -0.576579 834923
10.2873 -0.574008 834762
10.4373 -0.571478 834605
10.5873 -0.568993 834454
10.7373 -0.566508 834308
10.8873 -0.564045 834168
11.0373 -0.561613 834033
11.1873 -0.559169 833904
11.3373 -0.55682 833781
11.4873 -0.554426 833663
11.6373 -0.552047 833551
11.7873 -0.549655 833444
11.9373 -0.5473 833344
12.0873 -0.544965 833248
12.2373 -0.54261 833158
12.3873 -0.540252 833073
12.5373 -0.537883 832994
12.6873 -0.535618 832920
12.8373 -0.533339 832850
12.9873 -0.53108 832786
13.1373 -0.528822 832726
13.2873 -0.526642 832672
13.4373 -0.52447 832621
13.5873 -0.522273 832574
13.7373 -0.520103 832531
13.8873 -0.517981 832493
14.0373 -0.515865 832457
14.1873 -0.51376 832425
14.3373 -0.511601 832396
14.4873 -0.509518 832370
14.6373 -0.507446 832347
14.7873 -0.505397 832326
14.9373 -0.50335 832308
15.0873 -0.501291 832292
15.2373 -0.499258 832280
15.3873 -0.497252 832269
15.5373 -0.495211 832261
15.6873 -0.493177 832256
15.8373 -0.491175 832254
15.9873 -0.489201 832254
16.1373 -0.487224 832257
16.2873 -0.485212 832262
16.4373 -0.483177 832271
16.5873 -0.481211 832284
16.7373 -0.479238 832299
16.8873 -0.477258 832316
17.0373 -0.475267 832337
17.1873 -0.473281 832363
17.3373 -0.471314 832391
17.4873 -0.469293 832422
17.6373 -0.467281 832456
17.7873 -0.465312 832494
17.9373 -0.463333 832536
18.0873 -0.461375 832579
18.2373 -0.459356 832624
18.3873 -0.457354 832673
