-2.7627 -0 361988
-2.6627 -0 362353
-2.5627 -0 362721
-2.4627 -0 363092
-2.3627 -0 363466
-2.2627 -0 363845
-2.1627 -0 364228
-2.0627 -0 364614
-1.9627 -0 365002
-1.8627 -0 365391
-1.7627 -0 365783
-1.6627 -0 366178
-1.5627 -0 366576
-1.4627 -0 366977
-1.3627 -0 367379
-1.2627 -0 367782
-1.1627 -0 368186
-1.0627 -0 368593
-0.9627 -0 369001
-0.8627 -0 369410
-0.7627 -0 369822
-0.6627 -0 370234
-0.5627 -0 370647
-0.4627 -0 371060
-0.3627 -0 371475
-0.2627 -0 371890
-0.1627 -0 372306
-0.0627 -0 372723
0.0373 -0 373140
0.1373 -0 373559
0.2373 -0 373977
0.3373 -0 374395
0.4373 -0 374813
0.5373 -0 375233
0.6373 -0 375654
0.7373 -0 376075
0.8373 -0 376496
0.9373 -0 376916
1.0373 -0 377337
1.1373 -0 377758
1.2373 -0 378181
1.3373 -0 378605
1.4373 -0 379029
1.5373 -0 379453
1.6373 -0 379877
1.7373 -0 380301
1.8373 -0 380727
1.9373 -0 381154
2.0373 -0 381582
2.1373 -0 382010
2.2373 -0 382439
2.3373 -0 382868
2.4373 -0 383298
2.5373 -0 383730
2.6373 -0 384164
2.7373 -0 384597
2.8373 -0 385031
2.9373 -0 385467
3.0373 -0 385904
3.1373 -0 386342
3.2373 -0 386781
3.3373 -0 387221
3.4373 -0 387662
3.5373 -0 388105
3.6373 -0 388549
3.7373 -0 388995
3.8373 -0 389442
3.9373 -0 389890
4.0373 -0 390339
4.1373 -0 390790
4.2373 -0 391243
4.3373 -0 391698
4.4373 -0 392155
4.5373 -0 392614
4.6373 -0 393073
4.7373 -0 393533
4.8373 -0 393996
4.9373 -0 394461
5.0373 -0 394929
5.1373 -0 395398
5.2373 -0 395869
5.3373 -0 396341
5.4373 -0 396814
5.5373 -0 397289
5.6373 -0 397766
5.7373 -0 398245
5.8373 -0 398726
5.9373 -0 399207
6.0373 -0 399689
6.1373 -0 400173
6.2373 -0 400658
6.3373 -0 401144
6.4373 -0 401631
6.5373 -0 402119
6.6373 -0 402608
6.7373 -0 403097
6.8373 -0 403587
6.9373 -0 404077
7.0373 -0 404569
7.1373 -0 405061
7.2373 -0 405554
7.3373 -0 406048
7.4373 -0 406541
7.5373 -0 407035
7.6373 -0 407529
7.7373 -0 408026
7.8373 -0 408523
7.9373 -0 409020
8.0373 -0 409518
8.1373 -0 410016
8.2373 -0 410515
8.3373 -0 411015
8.4373 -0 411518
8.5373 -0 412021
8.6373 -0 412524
8.7373 -0 413028
8.8373 -0 413532
8.9373 -0 414039
9.0373 -0 414547
9.1373 -0 415056
9.2373 -0 415567
9.3373 -0 416077
