-11.7627 -0 851881
-11.6127 -0 851705
-11.4627 -0 851530
-11.3127 -0 851357
-11.1627 -0 851187
-11.0127 -0 851019
-10.8627 -0 850852
-10.7127 -0 850686
-10.5627 -0 850522
-10.4127 -0 850362
-10.2627 -0 850203
-10.1127 -0 850046
-9.9627 -0 849889
-9.8127 -0 849736
-9.6627 -0 849586
-9.5127 -0 849437
-9.3627 -0 849289
-9.2127 -0 849144
-9.0627 -0 849002
-8.9127 -0 848861
-8.7627 -0 848722
-8.6127 -0 848584
-8.4627 -0 848448
-8.3127 -0 848314
-8.1627 -0 848181
-8.0127 -0 848048
-7.8627 -0 847916
-7.7127 -0 847785
-7.5627 -0 847655
-7.4127 -0 847524
-7.2627 -0 847394
-7.1127 -0 847264
-6.9627 -0 847135
-6.8127 -0 847005
-6.6627 -0 846876
-6.5127 -0 846748
-6.3627 -0 846620
-6.2127 -0 846493
-6.0627 -0 846367
-5.9127 -0 846243
-5.7627 -0 846120
-5.6127 -0 846000
-5.4627 -0 845881
-5.3127 -0 845765
-5.1627 -0 845653
-5.0127 -0 845543
-4.8627 -0 845437
-4.7127 -0 845334
-4.5627 -0 845236
-4.4127 -0 845141
-4.2627 -0 845051
-4.1127 -0 844964
-3.9627 -0 844881
-3.8127 -0 844804
-3.6627 -0 844730
-3.5127 -0 844661
-3.3627 -0 844596
-3.2127 -0 844535
-3.0627 -0 844479
-2.9127 -0 844427
-2.7627 -0 844379
-2.6127 -0 844335
-2.4627 -0 844295
-2.3127 -0 844258
-2.1627 -0 844225
-2.0127 -0 844195
-1.8627 -0 844169
-1.7127 -0 844145
-1.5627 -0 844123
-1.4127 -0 844103
-1.2627 -0 844086
-1.1127 -0 844071
-0.9627 -0 844058
-0.8127 -0 844047
-0.6627 -0 844040
-0.5127 -0 844036
-0.3627 -0 844036
-0.2127 -0 844041
-0.0627 -0 844049
0.0873 -0 844064
0.2373 -0 844084
0.3873 -0 844110
0.5373 -0 844141
0.6873 -0 844177
0.8373 -0 844218
0.9873 -0 844263
1.1373 -0 844311
1.2873 -0 844359
1.4373 -0 844407
1.5873 -0 844453
1.7373 -0 844495
1.8873 -0 844531
2.0373 -0 844559
2.1873 -0 844577
2.3373 -0 844585
2.4873 -0 844580
2.6373 -0 844562
2.7873 -0 844530
2.9373 -0 844484
3.0873 -0 844423
3.2373 -0 844348
3.3873 -0 844259
3.5373 -0 844156
3.6873 -0 844039
3.8373 -0 843910
3.9873 -0 843767
4.1373 -0 843613
4.2873 -0 843446
4.4373 -0 843269
4.5873 -0 843079
4.7373 -0 842880
4.8873 -0 842670
5.0373 -0 842450
5.1873 -0 842221
5.3373 -0 841985
5.4873 -0 841741
5.6373 -0 841492
5.7873 -0 841237
5.9373 -0 840979
6.0873 -0 840720
6.2373 -0 840460
6.3873 -0 840200
6.5373 -0 839942
6.6873 -0 839688
6.8373 -0 839437
6.9873 -0 839190
7.1373 -0 838947
7.2873 -0 838710
7.4373 -0 838477
7.5873 -0 838250
7.7373 -0 838027
7.8873 -0 837808
8.0373 -0 837593
8.1873 -0 837381
8.3373 -0 837174
8.4873 -0 836969
8.6373 -0 836767
8.7873 -0 836567
8.9373 -0 836370
9.0873 -0 836177
9.2373 -0 835987
9.3873 -0 835799
9.5373 -0 835615
9.6873 -0 835436
9.8373 -0 835261
9.9873 -0 835090
10.1373 -0 834923
10.2873 -0 834762
10.4373 -0 834605
10.5873 -0 834454
10.7373 -0 834308
10.8873 -0 834168
11.0373 -0 834033
11.1873 -0 833904
11.3373 -0 833781
11.4873 -0 833663
11.6373 -0 833551
11.7873 -0 833444
11.9373 -0 833344
12.0873 -0 833248
12.2373 -0 833158
12.3873 -0 833073
12.5373 -0 832994
12.6873 -0 832920
12.8373 -0 832850
12.9873 -0 832786
13.1373 -0 832726
13.2873 -0 832672
13.4373 -0 832621
13.5873 -0 832574
13.7373 -0 832531
13.8873 -0 832493
14.0373 -0 832457
14.1873 -0 832425
14.3373 -0 832396
14.4873 -0 832370
14.6373 -0 832347
14.7873 -0 832326
14.9373 -0 832308
15.0873 -0 832292
15.2373 -0 832280
15.3873 -0 832269
15.5373 -0 832261
15.6873 -0 832256
15.8373 -0 832254
15.9873 -0 832254
16.1373 -0 832257
16.2873 -0 832262
16.4373 -0 832271
16.5873 -0 832284
16.7373 -0 832299
16.8873 -0 832316
17.0373 -0 832337
17.1873 -0 832363
17.3373 -0 832391
17.4873 -0 832422
17.6373 -0 832456
17.7873 -0 832494
17.9373 -0 832536
18.0873 -0 832579
18.2373 -0 832624
18.3873 -0 832673
