-11.7627 -0.361735 851881
-11.6127 -0.363148 851705
-11.4627 -0.364547 851530
-11.3127 -0.36594 851357
-11.1627 -0.367332 851187
-11.0127 -0.368722 851019
-10.8627 -0.3701 850852
-10.7127 -0.371466 850686
-10.5627 -0.372831 850522
-10.4127 -0.374184 850362
-10.2627 -0.375526 850203
-10.1127 -0.376859 850046
-9.9627 -0.378201 849889
-9.8127 -0.379541 849736
-9.6627 -0.380876 849586
-9.5127 -0.382202 849437
-9.3627 -0.383538 849289
-9.2127 -0.384885 849144
-9.0627 -0.386231 849002
-8.9127 -0.387566 848861
-8.7627 -0.388897 848722
-8.6127 -0.390244 848584
-8.4627 -0.391596 848448
-8.3127 -0.392945 848314
-8.1627 -0.394286 848181
-8.0127 -0.395638 848048
-7.8627 -0.396997 847916
-7.7127 -0.398355 847785
-7.5627 -0.399704 847655
-7.4127 -0.401062 847524
-7.2627 -0.402437 847394
-7.1127 -0.403821 847264
-6.9627 -0.405209 847135
-6.8127 -0.406605 847005
-6.6627 -0.408026 846876
-6.5127 -0.409467 846748
-6.3627 -0.410926 846620
-6.2127 -0.412398 846493
-6.0627 -0.413893 846367
-5.9127 -0.415415 846243
-5.7627 -0.416963 846120
-5.6127 -0.418526 846000
-5.4627 -0.420113 845881
-5.3127 -0.421729 845765
-5.1627 -0.423371 845653
-5.0127 -0.425041 845543
-4.8627 -0.42674 845437
-4.7127 -0.42849 845334
-4.5627 -0.430281 845236
-4.4127 -0.432112 845141
-4.2627 -0.433976 845051
-4.1127 -0.435889 844964
-3.9627 -0.437849 844881
-3.8127 -0.439847 844804
-3.6627 -0.441871 844730
-3.5127 -0.443925 844661
-3.3627 -0.446033 844596
-3.2127 -0.448192 844535
-3.0627 -0.450389 844479
-2.9127 -0.452609 844427
-2.7627 -0.454872 844379
-2.6127 -0.457183 844335
-2.4627 -0.459538 844295
-2.3127 -0.461912 844258
-2.1627 -0.46432 844225
-2.0127 -0.466776 844195
-1.8627 -0.469275 844169
-1.7127 -0.471796 844145
-1.5627 -0.47434 844123
-1.4127 -0.476943 844103
-1.2627 -0.479608 844086
-1.1127 -0.482317 844071
-0.9627 -0.485053 844058
-0.8127 -0.487854 844047
-0.6627 -0.490731 844040
-0.5127 -0.493667 844036
-0.3627 -0.496643 844036
-0.2127 -0.499682 844041
-0.0627 -0.502813 844049
0.0873 -0.506031 844064
0.2373 -0.5093 844084
0.3873 -0.512614 844110
0.5373 -0.516008 844141
0.6873 -0.519483 844177
0.8373 -0.523017 844218
0.9873 -0.526583 844263
1.1373 -0.530198 844311
1.2873 -0.533873 844359
1.4373 -0.537593 844407
1.5873 -0.541312 844453
1.7373 -0.545011 844495
1.8873 -0.548704 844531
2.0373 -0.552374 844559
2.1873 -0.555962 844577
2.3373 -0.559414 844585
2.4873 -0.562722 844580
2.6373 -0.565846 844562
2.7873 -0.568707 844530
2.9373 -0.571222 844484
3.0873 -0.573373 844423
3.2373 -0.575167 844348
3.3873 -0.576563 844259
3.5373 -0.577481 844156
3.6873 -0.577906 844039
3.8373 -0.577867 843910
3.9873 -0.577378 843767
4.1373 -0.576416 843613
4.2873 -0.574994 843446
4.4373 -0.573183 843269
4.5873 -0.571047 843079
4.7373 -0.568616 842880
4.8873 -0.565895 842670
5.0373 -0.562944 842450
5.1873 -0.559836 842221
5.3373 -0.556622 841985
5.4873 -0.553303 841741
5.6373 -0.549898 841492
5.7873 -0.546472 841237
5.9373 -0.54306 840979
6.0873 -0.539654 840720
6.2373 -0.536236 840460
6.3873 -0.532842 840200
6.5373 -0.529506 839942
6.6873 -0.526222 839688
6.8373 -0.522967 839437
6.9873 -0.519739 839190
7.1373 -0.516572 838947
7.2873 -0.513471 838710
7.4373 -0.510418 838477
7.5873 -0.507396 838250
7.7373 -0.504432 838027
7.8873 -0.501545 837808
8.0373 -0.498718 837593
8.1873 -0.495927 837381
8.3373 -0.493184 837174
8.4873 -0.490516 836969
8.6373 -0.487911 836767
8.7873 -0.485342 836567
8.9373 -0.482807 836370
9.0873 -0.480342 836177
9.2373 -0.477945 835987
9.3873 -0.475586 835799
9.5373 -0.47325 835615
9.6873 -0.47097 835436
9.8373 -0.468764 835261
9.9873 -0.466607 835090
10.1373 -0.464489 834923
10.2873 -0.462417 834762
10.4373 -0.460409 834605
10.5873 -0.458457 834454
10.7373 -0.45655 834308
10.8873 -0.45468 834168
11.0373 -0.452861 834033
11.1873 -0.451096 833904
11.3373 -0.449367 833781
11.4873 -0.447664 833663
11.6373 -0.445995 833551
11.7873 -0.444367 833444
11.9373 -0.442765 833344
12.0873 -0.44118 833248
12.2373 -0.439613 833158
12.3873 -0.438081 833073
12.5373 -0.436581 832994
12.6873 -0.435097 832920
12.8373 -0.433629 832850
12.9873 -0.432189 832786
13.1373 -0.430784 832726
13.2873 -0.429385 832672
13.4373 -0.42799 832621
13.5873 -0.426609 832574
13.7373 -0.425255 832531
13.8873 -0.423914 832493
14.0373 -0.422572 832457
14.1873 -0.421229 832425
14.3373 -0.419897 832396
14.4873 -0.418582 832370
14.6373 -0.417268 832347
14.7873 -0.415956 832326
14.9373 -0.414649 832308
15.0873 -0.413352 832292
15.2373 -0.412049 832280
15.3873 -0.410732 832269
15.5373 -0.409402 832261
15.6873 -0.408078 832256
15.8373 -0.406756 832254
15.9873 -0.405415 832254
16.1373 -0.404056 832257
16.2873 -0.402691 832262
16.4373 -0.401331 832271
16.5873 -0.399953 832284
16.7373 -0.398553 832299
16.8873 -0.397139 832316
17.0373 -0.395726 832337
17.1873 -0.394304 832363
17.3373 -0.392861 832391
17.4873 -0.391396 832422
17.6373 -0.389928 832456
17.7873 -0.388463 832494
17.9373 -0.386982 832536
18.0873 -0.38548 832579
18.2373 -0.383969 832624
18.3873 -0.38247 832673
