x	intensity
0	-14289915
1	-13940420
2	-13544269
3	-13240120
4	-12956424
5	-12667267
6	-12417953
7	-12256597
8	-12208467
9	-12202291
10	-12259823
11	-12303827
12	-12333581
13	-12344276
14	-12314629
15	-12260361
16	-12172607
17	-12075195
18	-11958327
19	-11813876
20	-11635321
21	-11466864
22	-11261550
23	-11082427
24	-10908335
25	-10758321
26	-10667935
27	-10628076
28	-10664536
29	-10739531
30	-10866609
31	-11056020
32	-11281576
33	-11524859
34	-11778736
35	-12023110
36	-12214536
37	-12374139
38	-12475570
39	-12536507
40	-12557696
41	-12540732
42	-12526476
43	-12507856
44	-12502991
45	-12504587
46	-12507526
47	-12543367
48	-12586809
49	-12646337
50	-12736570
51	-12847946
52	-12985561
53	-13110368
54	-13262643
55	-13411109
56	-13566565
57	-13727821
58	-13850318
59	-13960842
60	-14053505
61	-14127721
62	-14194024
63	-14238177
64	-14264039
65	-14261571
66	-14258081
67	-14268721
68	-14277358
69	-14287997
70	-14305520
71	-14310618
72	-14310661
73	-14323148
74	-14314637
75	-14315233
76	-14313383
77	-14307366
78	-14287271
79	-14277730
80	-14274137
81	-14266949
82	-14241724
83	-14220795
84	-14200586
85	-14178733
86	-14165801
87	-14151137
88	-14104621
89	-14054746
90	-14017301
91	-13969301
92	-13912729
93	-13863878
94	-13812614
95	-13753410
96	-13675279
97	-13606340
98	-13529500
99	-13446863
100	-13343964
101	-13250493
102	-13149037
103	-13035949
104	-12918597
105	-12806997
106	-12682399
107	-12548890
108	-12421467
109	-12300504
110	-12194334
111	-12087641
112	-11983373
113	-11904401
114	-11846614
115	-11823237
116	-11812919
117	-11828781
118	-11861284
119	-11902186
120	-11956781
121	-12001277
122	-12025540
123	-12031300
124	-11994882
125	-11940371
126	-11856399
127	-11744215
128	-11614841
129	-11447478
130	-11254543
131	-11066885
132	-10860103
133	-10650896
134	-10431362
135	-10254890
136	-10112673
137	-10033235
138	-10038905
139	-10127027
140	-10271576
141	-10459373
142	-10709388
143	-10980583
144	-11269958
145	-11535787
146	-11766938
147	-11960160
148	-12082534
149	-12174601
150	-12218494
151	-12226712
152	-12218458
153	-12182131
154	-12156610
155	-12121156
156	-12089618
157	-12073745
158	-12081528
159	-12109359
160	-12175593
161	-12273439
162	-12401380
163	-12532140
164	-12711487
165	-12887565
166	-13067295
167	-13241887
168	-13420510
169	-13598723
170	-13716995
171	-13827948
172	-13932338
173	-14014902
174	-14078066
175	-14118951
176	-14138732
177	-14149973
178	-14177764
179	-14187813
180	-14205678
181	-14208015
182	-14216087
183	-14221527
184	-14232884
185	-14236078
186	-14232427
187	-14228704
188	-14226268
189	-14220381
190	-14208401
191	-14203154
192	-14204048
193	-14207445
194	-14204369
195	-14189915
196	-14174128
197	-14166948
198	-14148625
199	-14108803
200	-14066128
201	-14034105
202	-13996543
203	-13946497
204	-13906306
205	-13870061
206	-13791782
207	-13729645
208	-13695482
209	-13648506
210	-13587524
211	-13524938
212	-13446775
213	-13370751
214	-13265273
215	-13168712
216	-13056787
217	-12939265
218	-12824531
219	-12692735
220	-12556367
221	-12437704
222	-12303754
223	-12185732
224	-12052165
225	-11933490
226	-11826683
227	-11737651
228	-11657140
229	-11605610
230	-11586216
231	-11618241
232	-11665329
233	-11729093
234	-11799110
235	-11882829
236	-11963164
237	-12023812
238	-12046541
239	-12032184
240	-11990382
241	-11915447
242	-11818622
243	-11693449
244	-11543630
245	-11360340
246	-11161399
247	-10942231
248	-10701748
249	-10459536
250	-10277256
251	-10121188
252	-10013775
253	-9969352
254	-9994800
255	-10097859
256	-10270029
257	-10511655
258	-10788896
259	-11068489
260	-11353429
261	-11608807
262	-11832043
263	-12001315
264	-12126405
265	-12210373
266	-12263316
267	-12272096
268	-12262538
269	-12237768
270	-12189313
271	-12139960
272	-12105912
273	-12067409
274	-12045718
275	-12057476
276	-12088005
277	-12141824
278	-12220231
279	-12338115
280	-12491251
281	-12670778
282	-12854362
283	-13032088
284	-13221021
285	-13408646
286	-13551280
287	-13676056
288	-13811954
289	-13912633
290	-13984181
291	-14037129
292	-14069593
293	-14086366
294	-14111451
295	-14130574
296	-14160702
297	-14185217
298	-14202630
299	-14219346
300	-14233235
301	-14237773
302	-14239247
303	-14248073
304	-14254282
305	-14251168
306	-14249765
307	-14246892
308	-14240871
309	-14240802
310	-14242207
311	-14236252
312	-14229651
313	-14216087
314	-14198741
315	-14176538
316	-14151196
317	-14135595
318	-14109676
319	-14075635
320	-14053428
321	-14020522
322	-13986161
323	-13955948
324	-13946775
325	-13921860
326	-13875466
327	-13825490
328	-13770947
329	-13704967
330	-13645267
331	-13572624
332	-13513726
333	-13421338
334	-13319527
335	-13224091
336	-13111268
337	-13003559
338	-12898312
339	-12799091
340	-12693415
341	-12581659
342	-12453426
343	-12334894
344	-12194943
345	-12072102
346	-11962978
347	-11859895
348	-11784123
349	-11739603
350	-11709074
351	-11705998
352	-11730711
353	-11787387
354	-11865866
355	-11940959
356	-12020712
357	-12096869
358	-12171487
359	-12194201
360	-12180121
361	-12149651
362	-12085842
363	-11991743
364	-11869921
365	-11720738
366	-11550690
367	-11363735
368	-11160407
369	-10931995
370	-10714754
371	-10492101
372	-10304622
373	-10149086
374	-10026839
375	-9988872
376	-10048759
377	-10176230
378	-10354843
379	-10574182
380	-10847226
381	-11129289
382	-11417314
383	-11675970
384	-11899384
385	-12087656
386	-12214968
387	-12302223
388	-12349649
389	-12354570
390	-12327525
391	-12297421
392	-12242502
393	-12182616
394	-12113488
395	-12060059
396	-12013631
397	-11984247
398	-11984292
399	-11994273
400	-12035612
401	-12127134
402	-12245239
403	-12393663
404	-12552708
405	-12733392
406	-12911341
407	-13091987
408	-13274386
409	-13437192
410	-13579396
411	-13707535
412	-13833491
413	-13930327
414	-14016714
415	-14070032
416	-14121331
417	-14155467
418	-14174412
419	-14203665
420	-14223011
421	-14230179
422	-14246878
423	-14258334
424	-14275050
425	-14282975
426	-14289117
427	-14292965
428	-14294308
429	-14295720
430	-14297381
431	-14302248
432	-14295908
433	-14301490
434	-14302450
435	-14296105
436	-14290267
437	-14286799
438	-14281996
439	-14272914
440	-14270297
441	-14246807
442	-14229341
443	-14203029
444	-14185368
445	-14160584
446	-14142359
447	-14110491
448	-14102812
449	-14067742
450	-14043886
451	-14007278
452	-13984487
453	-13938706
454	-13884939
455	-13851578
456	-13796550
457	-13729664
458	-13665980
459	-13609015
460	-13535111
461	-13457543
462	-13370215
463	-13281774
464	-13170322
465	-13070413
466	-12949908
467	-12854090
468	-12735991
469	-12625254
470	-12506893
471	-12367958
472	-12236860
473	-12110965
474	-11997642
475	-11907895
476	-11830904
477	-11779125
478	-11763649
479	-11784105
480	-11819330
481	-11899265
482	-11990601
483	-12092736
484	-12189557
485	-12276592
486	-12345455
487	-12385194
488	-12407803
489	-12400512
490	-12376131
491	-12318978
492	-12213789
493	-12085017
494	-11938519
495	-11778833
496	-11586993
497	-11386755
498	-11164277
499	-10927476
500	-10693490
501	-10485279
502	-10320510
503	-10212872
504	-10175853
505	-10227452
506	-10335564
507	-10498779
508	-10695334
509	-10946194
510	-11198383
511	-11454537
512	-11722176
513	-11965420
514	-12149874
515	-12295405
516	-12416619
517	-12522370
518	-12582153
519	-12600948
520	-12596400
521	-12562609
522	-12499826
523	-12417382
524	-12338115
525	-12257852
526	-12184907
527	-12149056
528	-12115648
529	-12100665
530	-12139563
531	-12207854
532	-12289122
533	-12392998
534	-12524938
535	-12670298
536	-12829072
537	-13008670
538	-13197780
539	-13366489
540	-13515083
541	-13657929
542	-13797631
543	-13907381
544	-14008046
545	-14092149
546	-14135093
547	-14171023
548	-14211991
549	-14242256
550	-14267415
551	-14287823
552	-14308175
553	-14330819
554	-14349440
555	-14366339
556	-14372822
557	-14378518
558	-14385041
559	-14393421
560	-14396179
561	-14399949
562	-14404944
563	-14409487
564	-14416980
565	-14422289
566	-14421969
567	-14421530
568	-14420753
569	-14413646
570	-14410066
571	-14400714
572	-14388998
573	-14377307
574	-14369319
575	-14358442
576	-14352609
577	-14337053
578	-14321250
579	-14306205
580	-14297742
581	-14282572
582	-14259982
583	-14242582
584	-14220031
585	-14179906
586	-14157446
587	-14122009
588	-14072729
589	-14034946
590	-13985800
591	-13932500
592	-13890582
593	-13838620
594	-13797407
595	-13734915
596	-13679156
597	-13624058
598	-13552379
599	-13472039
600	-13384603
601	-13284930
602	-13175055
603	-13057884
604	-12934505
605	-12804568
606	-12686470
607	-12551109
608	-12431687
609	-12295725
610	-12179936
611	-12075695
612	-12002873
613	-11955482
614	-11931980
615	-11942548
616	-11980021
617	-12037692
618	-12129603
619	-12221073
620	-12314340
621	-12412451
622	-12507728
623	-12567821
624	-12628613
625	-12664278
626	-12680235
627	-12677686
628	-12645475
629	-12576793
630	-12500211
631	-12389916
632	-12235833
633	-12049343
634	-11847618
635	-11623027
636	-11397235
637	-11178869
638	-10973343
639	-10798298
640	-10660441
641	-10576479
642	-10524507
643	-10559901
644	-10648104
645	-10766375
646	-10930499
647	-11139717
648	-11365999
649	-11611320
650	-11849473
651	-12059412
652	-12260433
653	-12455755
654	-12604387
655	-12724963
656	-12809109
657	-12859426
658	-12885782
659	-12888617
660	-12862712
661	-12809316
662	-12743311
663	-12656115
664	-12578601
665	-12521022
666	-12472263
667	-12404673
668	-12345272
669	-12328052
670	-12334306
671	-12371693
672	-12434035
673	-12527221
674	-12633576
675	-12777402
676	-12929850
677	-13079197
678	-13225317
679	-13374616
680	-13522979
681	-13689695
682	-13805534
683	-13924065
684	-14034649
685	-14116355
686	-14190384
687	-14263254
688	-14319602
689	-14368108
690	-14403588
691	-14428745
692	-14452102
693	-14460937
694	-14478151
695	-14486357
696	-14511124
697	-14522395
698	-14531300
699	-14537440
700	-14545945
701	-14553496
702	-14563108
703	-14574898
704	-14580090
705	-14583732
706	-14580778
707	-14579380
708	-14578488
709	-14582463
710	-14587192
711	-14584500
712	-14585959
713	-14581345
714	-14578966
715	-14575451
716	-14571998
717	-14566192
718	-14562859
719	-14552663
720	-14545803
721	-14534100
722	-14529054
723	-14518492
724	-14520589
725	-14511807
726	-14491786
727	-14479123
728	-14448265
729	-14429907
730	-14400590
731	-14372734
732	-14345901
733	-14317123
734	-14289940
735	-14259027
736	-14208570
737	-14166518
738	-14140886
739	-14115808
740	-14065574
741	-14010649
742	-13967495
743	-13905083
744	-13823880
745	-13748220
746	-13661338
747	-13566694
748	-13475051
749	-13366178
750	-13275172
751	-13179923
752	-13067477
753	-12962136
754	-12839179
755	-12722546
756	-12606638
757	-12496870
758	-12400730
759	-12320688
760	-12258363
761	-12237766
762	-12245558
763	-12280248
764	-12352006
765	-12430285
766	-12514389
767	-12617743
768	-12732740
769	-12828621
770	-12930260
771	-12989267
772	-13039828
773	-13073984
774	-13098245
775	-13100337
776	-13080370
777	-13029607
778	-12954282
779	-12847223
780	-12698750
781	-12552061
782	-12361721
783	-12167213
784	-11959925
785	-11735277
786	-11538041
787	-11347455
788	-11191077
789	-11063692
790	-10969491
791	-10913507
792	-10933007
793	-10995663
794	-11110476
795	-11235476
796	-11411560
797	-11627616
798	-11866286
799	-12091832
800	-12305027
801	-12515766
802	-12685681
803	-12836430
804	-12969737
805	-13074912
806	-13165535
807	-13226035
808	-13272034
809	-13273968
810	-13255685
811	-13229838
812	-13172242
813	-13099628
814	-13023664
815	-12935334
816	-12865039
817	-12790464
818	-12731728
819	-12671293
820	-12635464
821	-12619337
822	-12608839
823	-12629760
824	-12695545
825	-12786029
826	-12905985
827	-13024141
828	-13154758
829	-13287560
830	-13433741
831	-13576563
832	-13728829
833	-13869815
834	-13986412
835	-14084804
836	-14162959
837	-14250968
838	-14329753
839	-14397707
840	-14447748
841	-14490262
842	-14536220
843	-14575968
844	-14605213
845	-14646925
846	-14676551
847	-14699591
848	-14716296
849	-14743692
850	-14758485
851	-14764044
852	-14769478
853	-14780803
854	-14781255
855	-14779790
856	-14783765
857	-14781391
858	-14791197
859	-14789965
860	-14789811
861	-14789764
862	-14795995
863	-14795298
864	-14803683
865	-14806690
866	-14814500
867	-14816745
868	-14818608
869	-14823480
870	-14825842
871	-14822579
872	-14820014
873	-14816676
874	-14813852
875	-14807774
876	-14803302
877	-14784475
878	-14780507
879	-14775121
880	-14765270
881	-14754003
882	-14758797
883	-14762628
884	-14749821
885	-14735167
886	-14722539
887	-14712806
888	-14686064
889	-14656058
890	-14638854
891	-14628163
892	-14594312
893	-14558685
894	-14521294
895	-14490440
896	-14456700
897	-14431426
898	-14402118
899	-14365449
900	-14333248
901	-14296207
902	-14247371
903	-14194018
904	-14127328
905	-14059544
906	-13990364
907	-13913440
908	-13833379
909	-13733595
910	-13639434
911	-13540681
912	-13436609
913	-13326847
914	-13210670
915	-13085227
916	-12969053
917	-12859052
918	-12776875
919	-12704880
920	-12658437
921	-12637454
922	-12652364
923	-12684868
924	-12748213
925	-12820875
926	-12894740
927	-12993539
928	-13068179
929	-13157390
930	-13238858
931	-13317530
932	-13392534
933	-13450682
934	-13502660
935	-13553467
936	-13597457
937	-13607185
938	-13599966
939	-13557389
940	-13501817
941	-13399600
942	-13280238
943	-13169513
944	-13014616
945	-12865095
946	-12695192
947	-12501398
948	-12310228
949	-12142533
950	-11956943
951	-11813115
952	-11685055
953	-11597750
954	-11540975
955	-11545628
956	-11587739
957	-11670229
958	-11768740
959	-11905265
960	-12067080
961	-12248698
962	-12420094
963	-12612822
964	-12793182
965	-12964625
966	-13119658
967	-13250602
968	-13386584
969	-13495040
970	-13582400
971	-13678079
972	-13742220
973	-13781645
974	-13782481
975	-13758925
976	-13729665
977	-13695952
978	-13657875
979	-13599445
980	-13533885
981	-13444730
982	-13382370
983	-13313976
984	-13253898
985	-13193739
986	-13136515
987	-13098180
988	-13059534
989	-13057569
990	-13087020
991	-13129525
992	-13218020
993	-13297033
994	-13399673
995	-13507655
996	-13626624
997	-13743330
998	-13864681
999	-13969694
1000	-14080473
1001	-14193612
1002	-14294155
1003	-14376843
1004	-14463175
1005	-14559359
1006	-14628254
1007	-14708659
1008	-14762673
1009	-14819825
1010	-14862656
1011	-14901969
1012	-14943071
1013	-14968799
1014	-14996328
1015	-15007073
1016	-15021966
1017	-15038028
1018	-15057612
1019	-15070801
1020	-15077085
1021	-15075405
1022	-15081804
1023	-15085512
1024	-15098505
1025	-15111045
1026	-15126282
1027	-15129170
1028	-15142597
1029	-15148743
1030	-15166913
1031	-15176387
1032	-15184696
1033	-15189446
1034	-15192005
1035	-15196239
1036	-15197190
1037	-15197896
1038	-15203467
1039	-15201857
1040	-15196532
1041	-15199738
1042	-15196856
1043	-15195132
1044	-15193480
1045	-15187781
1046	-15179335
1047	-15172419
1048	-15160785
1049	-15152099
1050	-15153766
1051	-15151334
1052	-15148769
1053	-15146081
1054	-15144286
1055	-15138973
1056	-15135832
1057	-15127294
1058	-15126284
1059	-15120914
1060	-15116638
1061	-15107097
1062	-15097421
1063	-15083987
1064	-15066075
1065	-15046381
1066	-15039857
1067	-15020856
1068	-14990315
1069	-14963753
1070	-14946021
1071	-14929510
1072	-14902753
1073	-14866270
1074	-14836382
1075	-14815569
1076	-14797207
1077	-14771783
1078	-14741373
1079	-14712826
1080	-14677122
1081	-14632587
1082	-14588617
1083	-14527393
1084	-14452835
1085	-14379042
1086	-14311381
1087	-14237964
1088	-14156615
1089	-14065084
1090	-13970247
1091	-13885617
1092	-13813236
1093	-13716847
1094	-13616186
1095	-13527532
1096	-13437167
1097	-13369010
1098	-13311444
1099	-13290261
1100	-13273052
1101	-13295320
1102	-13325390
1103	-13362629
1104	-13435887
1105	-13518123
1106	-13584224
1107	-13651961
1108	-13731130
1109	-13810097
1110	-13884983
1111	-13953145
1112	-14001670
1113	-14049051
1114	-14094661
1115	-14139354
1116	-14168314
1117	-14195176
1118	-14209612
1119	-14202472
1120	-14175920
1121	-14135429
1122	-14073290
1123	-14007441
1124	-13931087
1125	-13841875
1126	-13726158
1127	-13603149
1128	-13461565
1129	-13311049
1130	-13151748
1131	-13007815
1132	-12892740
1133	-12779592
1134	-12691651
1135	-12601549
1136	-12544454
1137	-12524728
1138	-12536001
1139	-12558655
1140	-12624870
1141	-12702440
1142	-12795703
1143	-12900932
1144	-13018066
1145	-13137634
1146	-13264660
1147	-13402108
1148	-13536510
1149	-13665968
1150	-13802082
1151	-13922443
1152	-14023520
1153	-14123914
1154	-14206280
1155	-14288091
1156	-14342481
1157	-14384601
1158	-14407216
1159	-14420534
1160	-14434594
1161	-14444056
1162	-14421458
1163	-14383003
1164	-14343434
1165	-14296413
1166	-14267119
1167	-14228851
1168	-14172696
1169	-14117561
1170	-14073325
1171	-14007664
1172	-13954230
1173	-13914873
1174	-13863372
1175	-13836035
1176	-13824390
1177	-13841539
1178	-13852358
1179	-13876955
1180	-13921560
1181	-13980438
1182	-14051802
1183	-14126146
1184	-14217810
1185	-14316597
1186	-14398134
1187	-14470661
1188	-14563216
1189	-14631443
1190	-14709000
1191	-14783815
1192	-14854335
1193	-14916871
1194	-14982274
1195	-15045953
1196	-15106621
1197	-15161743
1198	-15200196
1199	-15237636
1200	-15283447
1201	-15317368
1202	-15340537
1203	-15360824
1204	-15379522
1205	-15393542
1206	-15414136
1207	-15423101
1208	-15443202
1209	-15463998
1210	-15475699
1211	-15486782
1212	-15501121
1213	-15506687
1214	-15525636
1215	-15538182
1216	-15548870
1217	-15548349
1218	-15549375
1219	-15551870
1220	-15557880
1221	-15560177
1222	-15570804
1223	-15579334
1224	-15590681
1225	-15594000
1226	-15596305
1227	-15598038
1228	-15597841
1229	-15596633
1230	-15594975
1231	-15593488
1232	-15595593
1233	-15597897
1234	-15597504
1235	-15601411
1236	-15609992
1237	-15613317
1238	-15618944
1239	-15618040
1240	-15617780
1241	-15617129
1242	-15615984
1243	-15613158
1244	-15605145
1245	-15603740
1246	-15608799
1247	-15615150
1248	-15620404
1249	-15617335
1250	-15614594
1251	-15611847
1252	-15609102
1253	-15595586
1254	-15583493
1255	-15579394
1256	-15579469
1257	-15583566
1258	-15575495
1259	-15569208
1260	-15563177
1261	-15559535
1262	-15561146
1263	-15556215
1264	-15547350
1265	-15544222
1266	-15534804
1267	-15511188
1268	-15491914
1269	-15484239
1270	-15468860
1271	-15453379
1272	-15444685
1273	-15426504
1274	-15414087
1275	-15402624
1276	-15382909
1277	-15369461
1278	-15347969
1279	-15326126
1280	-15286417
1281	-15237894
1282	-15179496
1283	-15105081
1284	-15065311
1285	-14999251
1286	-14979839
1287	-14967751
1288	-14940039
1289	-15137530
1290	NaN
