x	intensity
0	-13728321
1	-13488938
2	-13209073
3	-12957722
4	-12762029
5	-12542432
6	-12350106
7	-12210946
8	-12107715
9	-12098807
10	-12095928
11	-12121228
12	-12141707
13	-12115409
14	-12040660
15	-11936624
16	-11794289
17	-11630804
18	-11446901
19	-11244090
20	-11016958
21	-10804986
22	-10580167
23	-10378614
24	-10173122
25	-9971072
26	-9797627
27	-9710493
28	-9691443
29	-9734376
30	-9840106
31	-10019772
32	-10273877
33	-10573752
34	-10887637
35	-11206687
36	-11487460
37	-11746382
38	-11948864
39	-12105028
40	-12180025
41	-12219179
42	-12215863
43	-12196715
44	-12165627
45	-12119351
46	-12059532
47	-12013635
48	-11964748
49	-11929035
50	-11897537
51	-11896632
52	-11898406
53	-11934572
54	-11982148
55	-12076273
56	-12197828
57	-12360691
58	-12525200
59	-12696818
60	-12877843
61	-13065370
62	-13218766
63	-13374357
64	-13480674
65	-13576513
66	-13642887
67	-13691972
68	-13723018
69	-13749730
70	-13768166
71	-13782046
72	-13789481
73	-13800229
74	-13812698
75	-13817697
76	-13808020
77	-13797856
78	-13785762
79	-13768988
80	-13756129
81	-13750044
82	-13712021
83	-13687186
84	-13659220
85	-13632459
86	-13588320
87	-13534179
88	-13486303
89	-13437020
90	-13372512
91	-13319838
92	-13258385
93	-13173653
94	-13102522
95	-13003328
96	-12893645
97	-12792458
98	-12685530
99	-12573655
100	-12461834
101	-12329023
102	-12201657
103	-12075705
104	-11920752
105	-11790067
106	-11650113
107	-11537238
108	-11434760
109	-11354615
110	-11287919
111	-11268524
112	-11269920
113	-11311897
114	-11368953
115	-11455230
116	-11549662
117	-11655697
118	-11739022
119	-11816256
120	-11869193
121	-11873735
122	-11852942
123	-11799922
124	-11715329
125	-11589114
126	-11449553
127	-11298485
128	-11103728
129	-10881883
130	-10660525
131	-10427001
132	-10175170
133	-9910860
134	-9661756
135	-9419052
136	-9214507
137	-9067345
138	-9007591
139	-9046096
140	-9175827
141	-9374060
142	-9642697
143	-9950700
144	-10304299
145	-10656981
146	-10981106
147	-11264440
148	-11501076
149	-11691232
150	-11812764
151	-11882117
152	-11913385
153	-11914646
154	-11901102
155	-11853944
156	-11776908
157	-11700867
158	-11625228
159	-11555344
160	-11498819
161	-11452644
162	-11411687
163	-11400348
164	-11430226
165	-11493235
166	-11571978
167	-11698536
168	-11858944
169	-12043774
170	-12245319
171	-12452034
172	-12650582
173	-12847633
174	-13023114
175	-13177984
176	-13307197
177	-13416635
178	-13500866
179	-13550460
180	-13577035
181	-13598537
182	-13618642
183	-13634897
184	-13652579
185	-13671724
186	-13673706
187	-13678486
188	-13675288
189	-13672792
190	-13664076
191	-13661498
192	-13659013
193	-13650187
194	-13635285
195	-13626325
196	-13613457
197	-13589906
198	-13543379
199	-13506518
200	-13460404
201	-13413899
202	-13355396
203	-13303958
204	-13237390
205	-13161861
206	-13084411
207	-12993776
208	-12905729
209	-12844659
210	-12747068
211	-12640949
212	-12531199
213	-12411619
214	-12293503
215	-12171564
216	-12043577
217	-11904828
218	-11744324
219	-11600398
220	-11473420
221	-11347783
222	-11230796
223	-11136701
224	-11068250
225	-11032671
226	-11033061
227	-11050018
228	-11123434
229	-11214121
230	-11327702
231	-11449700
232	-11556674
233	-11674122
234	-11761438
235	-11840854
236	-11868880
237	-11876362
238	-11837259
239	-11769214
240	-11659488
241	-11528809
242	-11365289
243	-11179774
244	-10971401
245	-10746481
246	-10511027
247	-10258044
248	-9988450
249	-9728453
250	-9460935
251	-9256110
252	-9082648
253	-8983594
254	-8973006
255	-9022183
256	-9165555
257	-9400999
258	-9699590
259	-10043979
260	-10402284
261	-10755210
262	-11068493
263	-11364311
264	-11570324
265	-11730690
266	-11841235
267	-11919072
268	-11964247
269	-11969602
270	-11945008
271	-11899114
272	-11854194
273	-11782817
274	-11707444
275	-11632331
276	-11542933
277	-11463927
278	-11388185
279	-11345305
280	-11329452
281	-11366070
282	-11427443
283	-11518996
284	-11625955
285	-11792633
286	-11962940
287	-12159494
288	-12362881
289	-12569921
290	-12761751
291	-12942166
292	-13095192
293	-13225029
294	-13333967
295	-13418446
296	-13481094
297	-13540871
298	-13592595
299	-13633123
300	-13651632
301	-13664371
302	-13682667
303	-13698389
304	-13712031
305	-13714978
306	-13737221
307	-13745911
308	-13749374
309	-13744705
310	-13731725
311	-13705111
312	-13695387
313	-13680208
314	-13661201
315	-13640539
316	-13619429
317	-13576612
318	-13548955
319	-13520664
320	-13479711
321	-13433251
322	-13380509
323	-13334485
324	-13279508
325	-13226121
326	-13154043
327	-13086705
328	-13004573
329	-12914614
330	-12807952
331	-12699199
332	-12583825
333	-12472581
334	-12354904
335	-12221266
336	-12078098
337	-11945738
338	-11823879
339	-11691001
340	-11559799
341	-11428593
342	-11295745
343	-11202676
344	-11130048
345	-11092012
346	-11084514
347	-11128547
348	-11198231
349	-11296878
350	-11399425
351	-11520375
352	-11635331
353	-11756793
354	-11860616
355	-11943566
356	-12000159
357	-12034723
358	-12031525
359	-12002920
360	-11947083
361	-11865150
362	-11751034
363	-11597993
364	-11447660
365	-11253543
366	-11037112
367	-10795758
368	-10535614
369	-10274271
370	-9999126
371	-9731328
372	-9470171
373	-9254150
374	-9092479
375	-8986441
376	-8973137
377	-9074233
378	-9254025
379	-9484491
380	-9783273
381	-10122419
382	-10459280
383	-10796944
384	-11128897
385	-11405659
386	-11629649
387	-11806142
388	-11923915
389	-12009237
390	-12070154
391	-12091241
392	-12070145
393	-12042476
394	-11975093
395	-11909491
396	-11815116
397	-11723727
398	-11630791
399	-11544765
400	-11435311
401	-11370778
402	-11324235
403	-11294599
404	-11289109
405	-11315730
406	-11367752
407	-11471576
408	-11599338
409	-11766761
410	-11962682
411	-12171831
412	-12386953
413	-12604610
414	-12798853
415	-12978625
416	-13135747
417	-13273708
418	-13371050
419	-13451184
420	-13527995
421	-13573508
422	-13617418
423	-13645704
424	-13695505
425	-13726825
426	-13743274
427	-13766889
428	-13789228
429	-13806889
430	-13812256
431	-13818774
432	-13820365
433	-13822291
434	-13819419
435	-13810898
436	-13798157
437	-13787276
438	-13775608
439	-13760491
440	-13739695
441	-13714019
442	-13692598
443	-13660935
444	-13629850
445	-13593375
446	-13553245
447	-13517767
448	-13481925
449	-13449662
450	-13414997
451	-13372424
452	-13318170
453	-13257487
454	-13176408
455	-13096592
456	-12997577
457	-12901392
458	-12800162
459	-12694430
460	-12591640
461	-12485446
462	-12352006
463	-12229407
464	-12095728
465	-11975669
466	-11836925
467	-11690462
468	-11566045
469	-11451534
470	-11345150
471	-11260046
472	-11203621
473	-11176042
474	-11197249
475	-11245873
476	-11315242
477	-11409523
478	-11531630
479	-11650492
480	-11787159
481	-11914183
482	-12025218
483	-12108060
484	-12179090
485	-12208983
486	-12234963
487	-12224122
488	-12197425
489	-12147861
490	-12065305
491	-11951509
492	-11807714
493	-11653873
494	-11462843
495	-11263496
496	-11030017
497	-10783694
498	-10515203
499	-10252689
500	-9977650
501	-9716243
502	-9490163
503	-9315050
504	-9221802
505	-9211056
506	-9306719
507	-9449670
508	-9656099
509	-9931332
510	-10227600
511	-10548275
512	-10879150
513	-11193430
514	-11487154
515	-11710574
516	-11904888
517	-12086095
518	-12193806
519	-12274902
520	-12334801
521	-12355367
522	-12353776
523	-12329451
524	-12275561
525	-12196822
526	-12123200
527	-12041620
528	-11956551
529	-11861572
530	-11775301
531	-11687307
532	-11604290
533	-11546663
534	-11495585
535	-11470053
536	-11485627
537	-11536632
538	-11632278
539	-11762682
540	-11919807
541	-12078045
542	-12260607
543	-12453369
544	-12656270
545	-12847911
546	-13029244
547	-13184337
548	-13300452
549	-13413146
550	-13502482
551	-13579643
552	-13646188
553	-13711535
554	-13760385
555	-13810035
556	-13837900
557	-13873166
558	-13881885
559	-13909262
560	-13916952
561	-13915606
562	-13916384
563	-13923157
564	-13940251
565	-13938397
566	-13945885
567	-13946906
568	-13947353
569	-13946660
570	-13948901
571	-13943281
572	-13928942
573	-13906782
574	-13894689
575	-13869854
576	-13857643
577	-13835671
578	-13817489
579	-13790478
580	-13748429
581	-13723207
582	-13684669
583	-13649858
584	-13609519
585	-13572162
586	-13511102
587	-13462214
588	-13397828
589	-13330378
590	-13263574
591	-13196360
592	-13118492
593	-13035653
594	-12950412
595	-12858504
596	-12750990
597	-12662958
598	-12546418
599	-12422055
600	-12280040
601	-12149997
602	-11998325
603	-11870239
604	-11737573
605	-11609582
606	-11517934
607	-11440500
608	-11379121
609	-11359823
610	-11363909
611	-11411556
612	-11486460
613	-11590856
614	-11699026
615	-11827095
616	-11952716
617	-12078308
618	-12207324
619	-12322605
620	-12411269
621	-12487424
622	-12527887
623	-12541122
624	-12531581
625	-12512182
626	-12462830
627	-12405356
628	-12329278
629	-12229699
630	-12109677
631	-11961961
632	-11775595
633	-11580508
634	-11348390
635	-11108087
636	-10841278
637	-10578470
638	-10322098
639	-10088177
640	-9883491
641	-9747606
642	-9663620
643	-9650609
644	-9709548
645	-9818715
646	-10001199
647	-10212862
648	-10446984
649	-10719042
650	-11009526
651	-11298127
652	-11572396
653	-11842599
654	-12076859
655	-12268907
656	-12407531
657	-12516588
658	-12590778
659	-12652803
660	-12675860
661	-12678115
662	-12650267
663	-12616829
664	-12580798
665	-12533805
666	-12471101
667	-12400437
668	-12292554
669	-12187666
670	-12088973
671	-11994757
672	-11887104
673	-11809988
674	-11755262
675	-11724389
676	-11715680
677	-11733155
678	-11782823
679	-11864887
680	-11974642
681	-12105020
682	-12250586
683	-12433568
684	-12614108
685	-12798429
686	-12975081
687	-13158945
688	-13312680
689	-13454386
690	-13571332
691	-13669521
692	-13757524
693	-13824360
694	-13884569
695	-13927138
696	-13978973
697	-14013854
698	-14042199
699	-14060666
700	-14078405
701	-14092562
702	-14110512
703	-14129653
704	-14151482
705	-14160946
706	-14156449
707	-14161244
708	-14163225
709	-14159343
710	-14165417
711	-14179044
712	-14192554
713	-14185811
714	-14182798
715	-14175125
716	-14169764
717	-14157035
718	-14144684
719	-14130404
720	-14101975
721	-14086787
722	-14072274
723	-14056653
724	-14045830
725	-14023108
726	-13992668
727	-13963040
728	-13926176
729	-13894550
730	-13853414
731	-13815378
732	-13759428
733	-13713987
734	-13669127
735	-13609791
736	-13548643
737	-13489035
738	-13413604
739	-13365682
740	-13285169
741	-13200391
742	-13114811
743	-13026109
744	-12895345
745	-12766137
746	-12616447
747	-12476873
748	-12352917
749	-12221204
750	-12088897
751	-11981810
752	-11881949
753	-11808744
754	-11757733
755	-11733104
756	-11737842
757	-11767074
758	-11824282
759	-11891710
760	-11983499
761	-12077567
762	-12187595
763	-12300048
764	-12422722
765	-12539778
766	-12644063
767	-12747710
768	-12826881
769	-12910262
770	-12956802
771	-12982163
772	-12973226
773	-12934243
774	-12895635
775	-12850126
776	-12780602
777	-12703986
778	-12590640
779	-12472355
780	-12308969
781	-12151719
782	-11949238
783	-11718894
784	-11465000
785	-11219187
786	-10965880
787	-10727934
788	-10514352
789	-10333475
790	-10189723
791	-10100126
792	-10061974
793	-10113543
794	-10204941
795	-10345612
796	-10528032
797	-10756520
798	-11001987
799	-11271997
800	-11536763
801	-11805622
802	-12038506
803	-12254379
804	-12430022
805	-12593056
806	-12730743
807	-12844912
808	-12938738
809	-12990385
810	-13059216
811	-13084875
812	-13079240
813	-13079629
814	-13065369
815	-13018399
816	-12959690
817	-12904531
818	-12825805
819	-12737211
820	-12625212
821	-12527769
822	-12432668
823	-12335841
824	-12227667
825	-12144840
826	-12084312
827	-12057465
828	-12033334
829	-12044948
830	-12068393
831	-12146080
832	-12245462
833	-12359558
834	-12479252
835	-12624763
836	-12763160
837	-12916506
838	-13069154
839	-13230489
840	-13373571
841	-13515041
842	-13643899
843	-13763955
844	-13861170
845	-13954769
846	-14026645
847	-14097109
848	-14151001
849	-14187671
850	-14237952
851	-14273362
852	-14290786
853	-14319521
854	-14337180
855	-14354837
856	-14373250
857	-14383407
858	-14399370
859	-14404411
860	-14408285
861	-14419059
862	-14430221
863	-14432261
864	-14429834
865	-14437195
866	-14439068
867	-14442985
868	-14428592
869	-14431647
870	-14441314
871	-14444065
872	-14438939
873	-14434198
874	-14428232
875	-14414999
876	-14405791
877	-14394904
878	-14387227
879	-14373595
880	-14345167
881	-14333774
882	-14321816
883	-14315979
884	-14290500
885	-14271558
886	-14255748
887	-14231252
888	-14203985
889	-14175449
890	-14130975
891	-14079922
892	-14032110
893	-13990633
894	-13944538
895	-13885591
896	-13824026
897	-13767857
898	-13708289
899	-13644301
900	-13570809
901	-13489598
902	-13396680
903	-13304463
904	-13198391
905	-13076804
906	-12957556
907	-12832998
908	-12713084
909	-12589644
910	-12476309
911	-12364449
912	-12267740
913	-12189451
914	-12154320
915	-12119310
916	-12109874
917	-12126431
918	-12175770
919	-12247770
920	-12340841
921	-12447035
922	-12556343
923	-12665476
924	-12782621
925	-12909537
926	-13030043
927	-13130389
928	-13216470
929	-13294296
930	-13363866
931	-13401063
932	-13438288
933	-13444041
934	-13448376
935	-13436921
936	-13423617
937	-13388047
938	-13342796
939	-13274504
940	-13185621
941	-13086738
942	-12953285
943	-12829894
944	-12671709
945	-12494730
946	-12284298
947	-12063517
948	-11829403
949	-11622688
950	-11429777
951	-11261767
952	-11101500
953	-10961330
954	-10860962
955	-10816026
956	-10827782
957	-10889407
958	-10969110
959	-11095909
960	-11249209
961	-11444841
962	-11660405
963	-11879163
964	-12103823
965	-12325472
966	-12542292
967	-12728139
968	-12899840
969	-13052454
970	-13186576
971	-13300253
972	-13401266
973	-13471924
974	-13543916
975	-13580721
976	-13611510
977	-13630210
978	-13636507
979	-13623839
980	-13616924
981	-13589175
982	-13550969
983	-13508680
984	-13441138
985	-13382574
986	-13294652
987	-13191314
988	-13078872
989	-12973206
990	-12859789
991	-12767891
992	-12688973
993	-12634820
994	-12586994
995	-12553013
996	-12551734
997	-12580216
998	-12608397
999	-12673541
1000	-12757097
1001	-12850112
1002	-12969454
1003	-13077888
1004	-13213174
1005	-13337721
1006	-13464832
1007	-13592633
1008	-13713462
1009	-13838328
1010	-13958460
1011	-14063112
1012	-14147115
1013	-14230726
1014	-14292685
1015	-14364760
1016	-14422036
1017	-14466638
1018	-14509597
1019	-14539362
1020	-14577629
1021	-14612580
1022	-14642269
1023	-14672329
1024	-14699269
1025	-14728517
1026	-14744174
1027	-14761720
1028	-14777466
1029	-14795907
1030	-14802313
1031	-14804685
1032	-14799251
1033	-14803230
1034	-14804326
1035	-14805678
1036	-14808374
1037	-14809077
1038	-14805554
1039	-14808618
1040	-14801831
1041	-14803041
1042	-14807007
1043	-14811736
1044	-14818472
1045	-14820965
1046	-14816992
1047	-14819352
1048	-14813409
1049	-14811226
1050	-14803108
1051	-14797986
1052	-14786212
1053	-14777625
1054	-14760730
1055	-14746900
1056	-14732875
1057	-14724556
1058	-14715845
1059	-14709384
1060	-14697797
1061	-14692161
1062	-14674051
1063	-14650237
1064	-14625928
1065	-14608185
1066	-14575232
1067	-14540812
1068	-14510533
1069	-14472272
1070	-14440670
1071	-14399191
1072	-14357988
1073	-14319319
1074	-14272610
1075	-14236189
1076	-14167280
1077	-14103125
1078	-14021914
1079	-13945144
1080	-13863050
1081	-13785414
1082	-13679633
1083	-13587901
1084	-13477207
1085	-13370700
1086	-13281334
1087	-13167410
1088	-13076939
1089	-12992329
1090	-12911882
1091	-12856335
1092	-12822480
1093	-12806047
1094	-12804956
1095	-12816737
1096	-12856968
1097	-12926375
1098	-12989738
1099	-13081951
1100	-13163707
1101	-13262018
1102	-13375116
1103	-13483408
1104	-13569789
1105	-13661560
1106	-13741968
1107	-13812821
1108	-13881623
1109	-13928976
1110	-13976212
1111	-14012508
1112	-14032797
1113	-14029358
1114	-14043135
1115	-14043643
1116	-14049707
1117	-14034883
1118	-14023590
1119	-14004841
1120	-13965497
1121	-13895822
1122	-13822350
1123	-13735955
1124	-13629076
1125	-13516689
1126	-13396547
1127	-13260625
1128	-13099343
1129	-12948689
1130	-12762605
1131	-12607721
1132	-12451829
1133	-12303869
1134	-12160127
1135	-12056959
1136	-11977479
1137	-11920907
1138	-11894734
1139	-11923063
1140	-11959349
1141	-12035581
1142	-12122651
1143	-12225697
1144	-12362525
1145	-12486877
1146	-12629071
1147	-12774995
1148	-12924688
1149	-13091736
1150	-13248218
1151	-13402458
1152	-13553613
1153	-13687800
1154	-13805937
1155	-13903157
1156	-13981763
1157	-14067915
1158	-14131866
1159	-14181927
1160	-14220518
1161	-14257771
1162	-14282341
1163	-14298153
1164	-14316773
1165	-14315545
1166	-14319832
1167	-14319569
1168	-14319767
1169	-14300890
1170	-14264026
1171	-14219018
1172	-14153360
1173	-14084475
1174	-14009607
1175	-13935423
1176	-13845319
1177	-13771988
1178	-13704340
1179	-13641103
1180	-13578325
1181	-13524039
1182	-13462600
1183	-13420347
1184	-13393812
1185	-13395222
1186	-13408680
1187	-13439066
1188	-13486670
1189	-13537694
1190	-13603431
1191	-13684814
1192	-13782136
1193	-13870175
1194	-13962537
1195	-14059428
1196	-14157050
1197	-14256897
1198	-14333720
1199	-14421543
1200	-14507086
1201	-14583049
1202	-14654151
1203	-14725442
1204	-14774225
1205	-14835107
1206	-14874790
1207	-14897243
1208	-14952159
1209	-14996697
1210	-15026119
1211	-15060226
1212	-15097179
1213	-15124948
1214	-15153035
1215	-15168206
1216	-15185611
1217	-15216957
1218	-15235199
1219	-15245872
1220	-15257714
1221	-15271554
1222	-15275641
1223	-15281402
1224	-15288004
1225	-15296582
1226	-15305935
1227	-15311118
1228	-15314765
1229	-15320972
1230	-15320132
1231	-15323393
1232	-15322626
1233	-15332417
1234	-15330552
1235	-15329840
1236	-15327279
1237	-15340530
1238	-15347245
1239	-15356006
1240	-15361204
1241	-15362151
1242	-15359485
1243	-15360560
1244	-15352481
1245	-15348428
1246	-15350104
1247	-15361002
1248	-15363130
1249	-15361325
1250	-15361385
1251	-15354589
1252	-15348711
1253	-15328494
1254	-15311533
1255	-15288946
1256	-15281126
1257	-15270398
1258	-15262976
1259	-15258624
1260	-15252666
1261	-15246589
1262	-15240384
1263	-15231674
1264	-15205496
1265	-15183088
1266	-15160295
1267	-15147765
1268	-15130287
1269	-15110369
1270	-15092711
1271	-15074729
1272	-15063468
1273	-15044538
1274	-15016400
1275	-15001286
1276	-14970870
1277	-14933287
1278	-14894814
1279	-14848398
1280	-14758398
1281	-14658219
1282	-14542496
1283	-14410560
1284	-14300818
1285	-14207911
1286	-14079647
1287	-14038872
1288	-14008845
1289	-13984845
1290	-14191692
1291	NaN
