-7 -0.0567585 269606
-6.9 -0.124363 265570
-6.8 -0.208933 247368
-6.7 -0.304153 219204
-6.6 -0.375787 182487
-6.5 -0.432853 163977
-6.4 -0.510133 125759
-6.3 -0.774684 16417.4
-6.2 -0.547594 97694
-6.1 -0.449613 155086
-6 -0.387461 174992
-5.9 -0.324101 204494
-5.8 -0.233083 241553
-5.7 -0.144101 261487
-5.6 -0.0720951 274687
-5.5 -0.0246737 268859
-5.4 -0.00596917 258589
-5.3 -0.0079242 247502
-5.2 -0.0104079 234254
-5.1 -0.0130084 223800
-5 -0.0147871 217483
-4.9 -0.0175649 223888
-4.8 -0.022788 236680
-4.7 -0.102092 121.008
-4.6 -0.263941 49.7241
-4.5 -0.283365 49.5946
-4.4 -0.329676 30.6058
-4.3 -0.329602 30.704
-4.2 -0.329506 30.8294
-4.1 -0.465414 0
-4 -0.465414 0
-3.9 -0.465414 0
-3.8 -0.465414 0
-3.7 -0.465414 0
-3.6 -0.465414 0
-3.5 -0.465414 0
-3.4 -0.465414 0
-3.3 -0.465414 0
-3.2 -0.465414 0
-3.1 -0.465414 0
-3 -0.465414 0
-2.9 -0.465414 0
-2.8 -0.465414 0
-2.7 -0.465414 0
-2.6 -0.465414 0
-2.5 -0.465414 0
-2.4 -0.465414 0
-2.3 -0.465414 0
-2.2 -0.465414 0
-2.1 -0.465414 0
-2 -0.264896 47.7456
-1.9 -0.246857 50.7274
-1.8 -0.210921 72.6936
-1.7 -0.187389 74.7121
-1.6 -0.0511082 8760.42
-1.5 -0.0410735 223281
-1.4 -0.0359829 219072
-1.3 -0.0328064 212502
-1.2 -0.0302479 218053
-1.1 -0.0251722 226224
-1 -0.0188614 238817
-0.9 -0.0129157 250551
-0.8 -0.0191522 261915
-0.7 -0.0653811 270268
-0.6 -0.137728 262703
-0.5 -0.224812 244417
-0.4 -0.319275 211986
-0.3 -0.385272 178771
-0.2 -0.443613 160202
-0.1 -0.528358 112652
-8.13238e-15 -1.315 5.00356e-21
0.1 -0.525559 112628
0.2 -0.437769 159213
0.3 -0.378063 178009
0.4 -0.310306 211924
0.5 -0.21705 245395
0.6 -0.131192 264870
0.7 -0.0621558 273688
0.8 -0.0174758 268587
0.9 -0.00630625 256998
1 -0.00833269 245252
1.1 -0.0108521 231918
1.2 -0.0132661 223631
1.3 -0.0152078 218172
1.4 -0.0183026 222140
1.5 -0.0234637 224376
1.6 -0.169836 85.1778
1.7 -0.272297 49.1446
1.8 -0.28336 49.6091
1.9 -0.329665 30.6204
2 -0.329587 30.7232
2.1 -0.465414 0
2.2 -0.465414 0
2.3 -0.465414 0
2.4 -0.465414 0
2.5 -0.465414 0
2.6 -0.465414 0
2.7 -0.465414 0
2.8 -0.465414 0
2.9 -0.465414 0
3 -0.465414 0
3.1 -0.465414 0
3.2 -0.465414 0
3.3 -0.465414 0
3.4 -0.465414 0
3.5 -0.465414 0
3.6 -0.465414 0
3.7 -0.465414 0
3.8 -0.465414 0
3.9 -0.465414 0
4 -0.465414 0
4.1 -0.465414 0
4.2 -0.266871 48.1118
4.3 -0.264589 47.8973
4.4 -0.246141 51.4573
4.5 -0.210665 74.1991
4.6 -0.161523 81.5302
4.7 -0.0366348 123279
4.8 -0.0405375 225749
4.9 -0.0352679 216655
5 -0.0323651 213092
5.1 -0.0296507 219282
5.2 -0.0242258 228298
5.3 -0.0177972 241414
5.4 -0.0120014 251454
5.5 -0.0259146 262988
5.6 -0.0760827 270794
5.7 -0.150514 259479
5.8 -0.24119 240736
5.9 -0.332751 204872
6 -0.394936 175724
6.1 -0.455183 155506
6.2 -0.550423 97266.9
6.3 -0.77346 16442
6.4 -0.506371 125376
6.5 -0.426419 162926
6.6 -0.36806 181788
6.7 -0.295227 219333
6.8 -0.20139 248860
6.9 -0.11821 268429
7 -0.0532166 273547
7.1 -0.0119007 267292
