-7 -0.660023 44869
-6.9 -0.662669 43802.5
-6.8 -0.665117 42771.2
-6.7 -0.667412 41775
-6.6 -0.66961 40814
-6.5 -0.671717 39888.2
-6.4 -0.673734 38997.5
-6.3 -0.675712 38141.9
-6.2 -0.677669 37321.5
-6.1 -0.679606 36536.3
-6 -0.681511 35786.2
-5.9 -0.684263 35611.5
-5.8 -0.686014 34956.1
-5.7 -0.687738 34334.5
-5.6 -0.689433 33746.8
-5.5 -0.69108 33193
-5.4 -0.692644 32673.1
-5.3 -0.694122 32187.2
-5.2 -0.695545 31735.1
-5.1 -0.696849 31316.9
-5 -0.698072 30932.6
-4.9 -0.699205 30582.3
-4.8 -0.70021 30265.8
-4.7 -0.701085 29983.2
-4.6 -0.701879 29734.6
-4.5 -0.702588 29519.8
-4.4 -0.703299 29338.9
-4.3 -0.704061 29192
-4.2 -0.705069 29078.9
-4.1 -0.707554 28999.8
-4 -0.710934 28954.5
-3.9 -0.718604 27524.9
-3.8 -0.728499 26131.4
-3.7 -0.738797 24774.2
-3.6 -0.748997 23453.1
-3.5 -0.758979 22168.3
-3.4 -0.768657 20919.6
-3.3 -0.778136 19707.2
-3.2 -0.787473 18530.9
-3.1 -0.796662 17390.8
-3 -0.805717 16286.9
-2.9 -0.814645 15219.2
-2.8 -0.8235 14187.7
-2.7 -0.83235 13192.4
-2.6 -0.841259 12233.3
-2.5 -0.850262 11310.4
-2.4 -0.859402 10423.6
-2.3 -0.868708 9573.08
-2.2 -0.878197 8758.74
-2.1 -0.887909 7980.58
-2 -0.897869 7238.63
-1.9 -0.922825 6307.59
-1.8 -0.933227 5661.1
-1.7 -0.943933 5049.57
-1.6 -0.95495 4472.97
-1.5 -0.966302 3931.32
-1.4 -0.978017 3424.62
-1.3 -0.990112 2952.86
-1.2 -1.00263 2516.05
-1.1 -1.01561 2114.18
-1 -1.02913 1747.25
-0.9 -1.04327 1415.28
-0.8 -1.05813 1118.24
-0.7 -1.07386 856.155
-0.6 -1.09074 629.012
-0.5 -1.10921 436.814
-0.4 -1.13008 279.561
-0.3 -1.15495 157.253
-0.2 -1.18819 69.8902
-0.1 -1.24467 17.4725
-8.13238e-15 -1.315 2.36467e-25
0.1 -1.24579 17.4725
0.2 -1.19012 69.8902
0.3 -1.15571 157.253
0.4 -1.12989 279.561
0.5 -1.10849 436.814
0.6 -1.08965 629.012
0.7 -1.07256 856.155
0.8 -1.05674 1118.24
0.9 -1.04183 1415.28
1 -1.02762 1747.25
1.1 -1.01394 2114.18
1.2 -1.00072 2516.05
1.3 -0.987914 2952.86
1.4 -0.975497 3424.62
1.5 -0.963434 3931.32
1.6 -0.951707 4472.97
1.7 -0.940294 5049.57
1.8 -0.929163 5661.1
1.9 -0.918315 6307.59
2 -0.907734 6989.02
2.1 -0.900614 7980.58
2.2 -0.890299 8758.74
2.3 -0.880204 9573.08
2.4 -0.870294 10423.6
2.5 -0.860543 11310.4
2.6 -0.850923 12233.3
2.7 -0.841389 13192.4
2.8 -0.831909 14187.7
2.9 -0.822414 15219.2
3 -0.81289 16286.9
3.1 -0.803254 17390.8
3.2 -0.793437 18530.9
3.3 -0.783318 19707.2
3.4 -0.772793 20919.6
3.5 -0.76173 22168.3
3.6 -0.749931 23453.1
3.7 -0.737103 24774.2
3.8 -0.723435 26131.4
3.9 -0.712337 27524.9
4 -0.707925 28954.5
4.1 -0.705013 28999.8
4.2 -0.702598 29079
4.3 -0.701318 29192.2
4.4 -0.700571 29339.3
4.5 -0.699924 29520.4
4.6 -0.699056 29735.5
4.7 -0.698022 29984.5
4.8 -0.69692 30267.4
4.9 -0.695715 30584.3
5 -0.694419 30935.2
5.1 -0.693024 31320
5.2 -0.69153 31738.7
5.3 -0.689977 32191.5
5.4 -0.688336 32678.1
5.5 -0.686662 33198.7
5.6 -0.684952 33753.3
5.7 -0.683211 34341.8
5.8 -0.681382 34964.3
5.9 -0.679521 35620.7
6 -0.677623 36311.1
6.1 -0.682704 36505.8
6.2 -0.680664 37292.1
6.3 -0.678594 38113.7
6.4 -0.676486 38970.5
6.5 -0.674318 39862.5
6.6 -0.67209 40789.7
6.7 -0.669743 41752.1
6.8 -0.667274 42749.7
6.9 -0.664673 43782.6
7 -0.66193 44850.6
7.1 -0.658988 45953.8
