-7 -0.612382 72133.4
-6.9 -0.614887 71077.4
-6.8 -0.616691 69999
-6.7 -0.618641 69179.2
-6.6 -0.620341 68476.4
-6.5 -0.6223 67610.1
-6.4 -0.624988 66361.3
-6.3 -0.627701 65229.4
-6.2 -0.629717 64087.1
-6.1 -0.631831 63191.1
-6 -0.633637 62411.9
-5.9 -0.635284 61749.6
-5.8 -0.637653 60563.2
-5.7 -0.640271 59356.4
-5.6 -0.64279 58266.4
-5.5 -0.64457 57179.7
-5.4 -0.646463 56325
-5.3 -0.648204 55586.9
-5.2 -0.650309 54738.2
-5.1 -0.653235 53443.5
-5 -0.656302 52265.3
-4.9 -0.658794 51102.4
-4.8 -0.66134 50159.3
-4.7 -0.663617 49332.5
-4.6 -0.665863 48622.1
-4.5 -0.669213 47414.9
-4.4 -0.673148 46121.4
-4.3 -0.677001 44944.3
-4.2 -0.680029 43797
-4.1 -0.683034 42854.5
-4 -0.68579 42028.1
-3.9 -0.688671 41135.4
-3.8 -0.691999 39695.4
-3.7 -0.695323 38371.6
-3.6 -0.698411 37163.9
-3.5 -0.700719 36001.3
-3.4 -0.703217 35027.8
-3.3 -0.705796 34170.1
-3.2 -0.709856 32842.6
-3.1 -0.714648 31354.9
-3 -0.719352 29983.2
-2.9 -0.72324 28670.9
-2.8 -0.727087 27533.2
-2.7 -0.730663 26511.1
-2.6 -0.734893 25485.4
-2.5 -0.74211 23864.9
-2.4 -0.749458 22360.1
-2.3 -0.756564 20970.9
-2.2 -0.7628 19658.8
-2.1 -0.768998 18503.2
-2 -0.775084 17463.1
-1.9 -0.782366 16109.6
-1.8 -0.790413 14594.9
-1.7 -0.798295 13195.7
-1.6 -0.805399 11888.6
-1.5 -0.812687 10722.5
-1.4 -0.820082 9671.62
-1.3 -0.828607 8702.89
-1.2 -0.844763 7422.48
-1.1 -0.861674 6257.27
-1 -0.878953 5207.28
-0.9 -0.895951 4264.21
-0.8 -0.913856 3446.25
-0.7 -0.932829 2743.29
-0.6 -0.958924 2069.85
-0.5 -0.993545 1437.4
-0.4 -1.03297 919.933
-0.3 -1.07771 516.452
-0.2 -1.13192 229.534
-0.1 -1.20474 57.3835
-8.13238e-15 -1.315 6.88746e-25
0.1 -1.20536 57.3835
0.2 -1.13269 229.534
0.3 -1.07792 516.452
0.4 -1.03344 919.933
0.5 -0.993644 1437.4
0.6 -0.958844 2069.85
0.7 -0.932887 2743.29
0.8 -0.913774 3446.25
0.9 -0.895516 4264.2
1 -0.878859 5207.3
1.1 -0.861346 6257.29
1.2 -0.844296 7422.48
1.3 -0.828177 8702.9
1.4 -0.819856 9671.62
1.5 -0.812243 10722.5
1.6 -0.804662 11888.6
1.7 -0.797893 13195.7
1.8 -0.789839 14594.9
1.9 -0.781751 16109.6
2 -0.77471 17463.1
2.1 -0.76866 18503.2
2.2 -0.762256 19658.8
2.3 -0.756294 20971
2.4 -0.748984 22360.1
2.5 -0.741483 23865
2.6 -0.734291 25485.4
2.7 -0.730411 26511.1
2.8 -0.726708 27533.2
2.9 -0.722622 28670.9
3 -0.718959 29983.2
3.1 -0.714047 31355
3.2 -0.709147 32842.6
3.3 -0.705345 34170.1
3.4 -0.702934 35027.8
3.5 -0.700267 36001.3
3.6 -0.698126 37164
3.7 -0.694752 38371.7
3.8 -0.691157 39695.5
3.9 -0.687817 41135.4
4 -0.685263 42028.1
4.1 -0.682447 42854.5
4.2 -0.679153 43797
4.3 -0.67624 44944.4
4.4 -0.672174 46121.5
4.5 -0.668136 47414.9
4.6 -0.664993 48622.1
4.7 -0.662896 49332.5
4.8 -0.660425 50159.3
4.9 -0.657641 51102.5
5 -0.655291 52265.4
5.1 -0.652019 53443.5
5.2 -0.649124 54738.3
5.3 -0.64732 55586.9
5.4 -0.645549 56325
5.5 -0.643462 57179.7
5.6 -0.641753 58266.5
5.7 -0.639039 59356.5
5.8 -0.636277 60563.3
5.9 -0.634056 61749.6
6 -0.632539 62411.9
6.1 -0.630596 63191.1
6.2 -0.628321 64087.1
6.3 -0.626367 65229.5
6.4 -0.6235 66361.3
6.5 -0.620915 67610.2
6.6 -0.619158 68476.4
6.7 -0.617378 69179.2
6.8 -0.61529 69999.1
6.9 -0.613567 71077.5
7 -0.610937 72133.5
7.1 -0.608313 73306.7
