-7 -0.0663259 379788
-6.9 -0.135732 368986
-6.8 -0.226236 326473
-6.7 -0.308063 272461
-6.6 -0.3611 227300
-6.5 -0.420769 185933
-6.4 -0.505967 129470
-6.3 -0.774217 15862.2
-6.2 -0.551214 99669.7
-6.1 -0.449782 170642
-6 -0.383835 214245
-5.9 -0.331762 256450
-5.8 -0.263344 306425
-5.7 -0.169809 358491
-5.6 -0.0892765 374032
-5.5 -0.030218 386469
-5.4 -0.0165384 393259
-5.3 -0.0160312 398143
-5.2 -0.0138905 397798
-5.1 -0.0134327 391613
-5 -0.0156386 386888
-4.9 -0.0189308 383470
-4.8 -0.0210449 373434
-4.7 -0.0250562 187932
-4.6 -0.105761 71.4847
-4.5 -0.129799 73.6091
-4.4 -0.148836 56.2711
-4.3 -0.165732 49.9233
-4.2 -0.162413 57.2706
-4.1 -0.375263 0
-4 -0.375263 0
-3.9 -0.375263 0
-3.8 -0.375263 0
-3.7 -0.375263 0
-3.6 -0.375263 0
-3.5 -0.375263 0
-3.4 -0.375263 0
-3.3 -0.375263 0
-3.2 -0.375263 0
-3.1 -0.375263 0
-3 -0.375263 0
-2.9 -0.375263 0
-2.8 -0.375263 0
-2.7 -0.375263 0
-2.6 -0.375263 0
-2.5 -0.375263 0
-2.4 -0.375263 0
-2.3 -0.375263 0
-2.2 -0.375263 0
-2.1 -0.375263 0
-2 -0.208834 46.0922
-1.9 -0.208808 46.0654
-1.8 -0.171807 68.1468
-1.7 -0.175878 56.914
-1.6 -0.0995805 76.0825
-1.5 -0.0109235 352750
-1.4 -0.00951935 386563
-1.3 -0.00773653 394694
-1.2 -0.00672449 396049
-1.1 -0.00704068 401518
-1 -0.00853814 403118
-0.9 -0.0101566 399502
-0.8 -0.0214979 394811
-0.7 -0.0768016 377108
-0.6 -0.150126 364893
-0.5 -0.241651 316327
-0.4 -0.31812 263986
-0.3 -0.370505 220402
-0.2 -0.432858 178169
-0.1 -0.526019 115105
-8.13238e-15 -1.315 4.91187e-21
0.1 -0.529213 115154
0.2 -0.437479 178470
0.3 -0.37407 220983
0.4 -0.322722 264155
0.5 -0.248005 315690
0.6 -0.154273 363580
0.7 -0.0781043 374809
0.8 -0.0221192 390466
0.9 -0.0166252 394678
1 -0.0155465 398242
1.1 -0.0136506 396522
1.2 -0.0137408 390281
1.3 -0.016184 385796
1.4 -0.0195492 384062
1.5 -0.02135 368870
1.6 -0.0382306 1954.24
1.7 -0.11755 71.6739
1.8 -0.129876 72.6155
1.9 -0.147958 56.0738
2 -0.164601 50.7366
2.1 -0.375263 0
2.2 -0.375263 0
2.3 -0.375263 0
2.4 -0.375263 0
2.5 -0.375263 0
2.6 -0.375263 0
2.7 -0.375263 0
2.8 -0.375263 0
2.9 -0.375263 0
3 -0.375263 0
3.1 -0.375263 0
3.2 -0.375263 0
3.3 -0.375263 0
3.4 -0.375263 0
3.5 -0.375263 0
3.6 -0.375263 0
3.7 -0.375263 0
3.8 -0.375263 0
3.9 -0.375263 0
4 -0.375263 0
4.1 -0.375263 0
4.2 -0.20886 46.1206
4.3 -0.208829 46.0872
4.4 -0.208804 46.0617
4.5 -0.171803 68.135
4.6 -0.157339 62.2385
4.7 -0.0737964 77.611
4.8 -0.0112711 390267
4.9 -0.00924955 391775
5 -0.00751972 392544
5.1 -0.00675693 396525
5.2 -0.00724887 403035
5.3 -0.00880816 403243
5.4 -0.0104031 399202
5.5 -0.0291391 390768
5.6 -0.0880907 376688
5.7 -0.164719 360175
5.8 -0.256731 307236
5.9 -0.327439 256207
6 -0.379397 213908
6.1 -0.445965 170358
6.2 -0.547881 99971.6
6.3 -0.776298 15761.4
6.4 -0.509534 129345
6.5 -0.424953 186445
6.6 -0.365845 227734
6.7 -0.31264 272364
6.8 -0.232783 325343
6.9 -0.139355 367497
7 -0.0676685 376548
7.1 -0.0178714 392792
