-7 -0.117633 941984
-6.9 -0.0872262 941853
-6.8 -0.0447014 894550
-6.7 -0.0177394 805788
-6.6 -0.0384369 636050
-6.5 -0.137749 453304
-6.4 -0.316858 281839
-6.3 -0.659066 50730.2
-6.2 -0.398698 221321
-6.1 -0.189606 395373
-6 -0.0638148 573273
-5.9 -0.0176876 760173
-5.8 -0.0312885 870405
-5.7 -0.0710482 930449
-5.6 -0.10714 942435
-5.5 -0.11535 891734
-5.4 -0.0698133 728224
-5.3 -0.0296344 528303
-5.2 -0.0098615 285499
-5.1 -0.00399441 30062.3
-5 -0.00789956 136.386
-4.9 -0.00938804 45.1769
-4.8 -0.0110925 59.0423
-4.7 -0.12141 162.852
-4.6 -0 0
-4.5 -0 0
-4.4 -0 0
-4.3 -0 0
-4.2 -0 0
-4.1 -0 0
-4 -0 0
-3.9 -0 0
-3.8 -0 0
-3.7 -0 0
-3.6 -0 0
-3.5 -0 0
-3.4 -0 0
-3.3 -0 0
-3.2 -0 0
-3.1 -0 0
-3 -0 0
-2.9 -0 0
-2.8 -0 0
-2.7 -0 0
-2.6 -0 0
-2.5 -0 0
-2.4 -0 0
-2.3 -0 0
-2.2 -0 0
-2.1 -0 0
-2 -0 0
-1.9 -0 0
-1.8 -0 0
-1.7 -0 0
-1.6 -0 0
-1.5 -0.0131076 57.4537
-1.4 -0.00945804 40.3735
-1.3 -0.00815103 38.8046
-1.2 -0.00388467 9211.19
-1.1 -0.00906822 239205
-1 -0.0284046 491362
-0.9 -0.0675874 698014
-0.8 -0.114824 863430
-0.7 -0.114201 942036
-0.6 -0.0802397 937411
-0.5 -0.0382485 882651
-0.4 -0.0170584 784918
-0.3 -0.0494472 604370
-0.2 -0.162113 424153
-0.1 -0.356325 252492
-8.13238e-15 -1.315 2.98337e-20
0.1 -0.356253 252493
0.2 -0.163152 424155
0.3 -0.0503245 604370
0.4 -0.0168007 784803
0.5 -0.0369866 882391
0.6 -0.0783149 937166
0.7 -0.111604 941858
0.8 -0.110053 863333
0.9 -0.0618611 697828
1 -0.0248032 491004
1.1 -0.00828231 238597
1.2 -0.00415775 9122.04
1.3 -0.00826138 42.6218
1.4 -0.00960317 46.0164
1.5 -0.0119197 64.4161
1.6 -0 0
1.7 -0 0
1.8 -0 0
1.9 -0 0
2 -0 0
2.1 -0 0
2.2 -0 0
2.3 -0 0
2.4 -0 0
2.5 -0 0
2.6 -0 0
2.7 -0 0
2.8 -0 0
2.9 -0 0
3 -0 0
3.1 -0 0
3.2 -0 0
3.3 -0 0
3.4 -0 0
3.5 -0 0
3.6 -0 0
3.7 -0 0
3.8 -0 0
3.9 -0 0
4 -0 0
4.1 -0 0
4.2 -0 0
4.3 -0 0
4.4 -0 0
4.5 -0 0
4.6 -0 0
4.7 -0.121128 163.031
4.8 -0.0117303 51.9072
4.9 -0.00893482 39.885
5 -0.00758511 133.933
5.1 -0.00353308 30300
5.2 -0.0111018 286015
5.3 -0.0335643 528879
5.4 -0.0757085 728418
5.5 -0.119353 891792
5.6 -0.109568 942649
5.7 -0.072837 930727
5.8 -0.0324638 870658
5.9 -0.0179278 760218
6 -0.0627578 573273
6.1 -0.188607 395372
6.2 -0.399176 221320
6.3 -0.658303 50731
6.4 -0.317159 281839
6.5 -0.138811 453304
6.6 -0.0391295 636054
6.7 -0.0173236 805622
6.8 -0.0432978 894297
6.9 -0.0851058 941625
7 -0.115051 941793
7.1 -0.102851 836239
