x	intensity
0	-16622804
1	-16619047
2	-16625760
3	-16630752
4	-16632419
5	-16639909
6	-16649027
7	-16651222
8	-16648566
9	-16646567
10	-16643849
11	-16642567
12	-16644820
13	-16646564
14	-16645879
15	-16645528
16	-16644769
17	-16643730
18	-16640034
19	-16639475
20	-16630661
21	-16618087
22	-16617062
23	-16631755
24	-16640207
25	-16642307
26	-16648074
27	-16648638
28	-16651586
29	-16647736
30	-16647036
31	-16645566
32	-16641659
33	-16643268
34	-16646289
35	-16648528
36	-16648199
37	-16647165
38	-16645688
39	-16645563
40	-16645180
41	-16647493
42	-16646851
43	-16648264
44	-16647493
45	-16647686
46	-16647108
47	-16645759
48	-16646465
49	-16646915
50	-16648586
51	-16647943
52	-16648329
53	-16646337
54	-16648136
55	-16648714
56	-16648200
57	-16648200
58	-16647172
59	-16647365
60	-16646594
61	-16647172
62	-16644666
63	-16644923
64	-16644602
65	-16645566
66	-16646593
67	-16645630
68	-16646208
69	-16646016
70	-16646786
71	-16648521
72	-16648521
73	-16647686
74	-16646915
75	-16649549
76	-16649999
77	-16651091
78	-16650063
79	-16648971
80	-16647493
81	-16647879
82	-16649357
83	-16647236
84	-16647044
85	-16645116
86	-16647429
87	-16648971
88	-16650834
89	-16652055
90	-16649999
91	-16648525
92	-16648208
93	-16648272
94	-16646473
95	-16645510
96	-16644225
97	-16646730
98	-16647889
99	-16646297
100	-16643482
101	-16640546
102	-16639211
103	-16636980
104	-16635334
105	-16630856
106	-16626886
107	-16621578
108	-16616968
109	-16615444
110	-16613970
111	-16607507
112	-16596004
113	-16585211
114	-16570260
115	-16557093
116	-16545721
117	-16543938
118	-16530510
119	-16513051
120	-16482673
121	-16456960
122	-16431699
123	-16411126
124	-16383437
125	-16359951
126	-16332564
127	-16313125
128	-16284861
129	-16262335
130	-16254829
131	-16249382
132	-16247196
133	-16249051
134	-16254931
135	-16262536
136	-16266956
137	-16270150
138	-16272715
139	-16276043
140	-16280015
141	-16279957
142	-16285654
143	-16292298
144	-16302912
145	-16319541
146	-16331620
147	-16337122
148	-16346530
149	-16362200
150	-16377816
151	-16395716
152	-16416708
153	-16422018
154	-16440767
155	-16446701
156	-16463150
157	-16479851
158	-16491746
159	-16503471
160	-16516202
161	-16532837
162	-16547747
163	-16557864
164	-16563874
165	-16574363
166	-16577238
167	-16579787
168	-16583937
169	-16589622
170	-16596721
171	-16600999
172	-16602460
173	-16606548
174	-16609230
175	-16611911
176	-16615680
177	-16621354
178	-16626901
179	-16631803
180	-16634928
181	-16637665
182	-16639518
183	-16641574
184	-16642088
185	-16643172
186	-16645156
187	-16644192
188	-16644570
189	-16644698
190	-16645654
191	-16646425
192	-16648208
193	-16648207
194	-16647172
195	-16647622
196	-16647108
197	-16646851
198	-16647686
199	-16647108
200	-16648843
201	-16648778
202	-16647815
203	-16647493
204	-16648778
205	-16649871
206	-16648334
207	-16646984
208	-16644991
209	-16646206
210	-16647231
211	-16647290
212	-16648058
213	-16640015
214	-16633016
215	-16640409
216	-16648249
217	-16648702
218	-16647231
219	-16647750
220	-16646597
221	-16649040
222	-16647880
223	-16648971
224	-16649164
225	-16646915
226	-16646851
227	-16647108
228	-16648200
229	-16649549
230	-16648264
231	-16648007
232	-16647108
233	-16647686
234	-16649164
235	-16650063
236	-16649421
237	-16648264
238	-16645116
239	-16643960
240	-16645951
241	-16649549
242	-16649549
243	-16650577
244	-16650385
245	-16651220
246	-16650449
247	-16650320
248	-16647108
249	-16648907
250	-16648393
251	-16649228
252	-16649228
253	-16649164
254	-16649742
255	-16648650
256	-16648650
257	-16647556
258	-16647491
259	-16647363
260	-16646206
261	-16645821
262	-16645629
263	-16646080
264	-16647622
265	-16648778
266	-16649357
267	-16648394
268	-16647945
269	-16648652
270	-16647945
271	-16648331
272	-16646467
273	-16645309
274	-16645437
275	-16645630
276	-16647686
277	-16648200
278	-16649549
279	-16648200
280	-16647558
281	-16647429
282	-16648136
283	-16646658
284	-16647172
285	-16648457
286	-16648133
287	-16649164
288	-16649228
289	-16649229
290	-16649163
291	-16649745
292	-16648652
293	-16648716
294	-16646145
295	-16646528
296	-16647170
297	-16647941
298	-16650190
299	-16649224
300	-16649419
301	-16648331
302	-16647753
303	-16648461
304	-16645566
305	-16645309
306	-16644088
307	-16645887
308	-16647236
309	-16649549
310	-16650449
311	-16650770
312	-16649742
313	-16648393
314	-16647750
315	-16649035
316	-16652248
317	-16653022
318	-16652762
319	-16650385
320	-16647172
321	-16645373
322	-16645630
323	-16648843
324	-16648778
325	-16649292
326	-16648971
327	-16648779
328	-16649744
329	-16650001
330	-16650258
331	-16648974
332	-16647818
333	-16646019
334	-16643899
335	-16644542
336	-16646083
337	-16647366
338	-16647493
339	-16649549
340	-16649678
341	-16649871
342	-16648843
343	-16647686
344	-16648843
345	-16647879
346	-16649742
347	-16648843
348	-16648136
349	-16647622
350	-16646401
351	-16647750
352	-16647108
353	-16647493
354	-16647236
355	-16647622
356	-16646208
357	-16646916
358	-16646787
359	-16647365
360	-16649292
361	-16649549
362	-16648264
363	-16646208
364	-16646530
365	-16647686
366	-16647686
367	-16647622
368	-16647044
369	-16646722
370	-16648778
371	-16649228
372	-16649035
373	-16649485
374	-16648714
375	-16648521
376	-16647943
377	-16647365
378	-16647044
379	-16647236
380	-16649742
381	-16650256
382	-16649742
383	-16650192
384	-16649164
385	-16649742
386	-16649806
387	-16650256
388	-16648264
389	-16648200
390	-16647495
391	-16648204
392	-16648331
393	-16648524
394	-16648844
395	-16648521
396	-16647621
397	-16647877
398	-16647812
399	-16648840
400	-16646272
401	-16646597
402	-16645248
403	-16648007
404	-16648772
405	-16649152
406	-16649921
407	-16648890
408	-16640405
409	-16640919
410	-16649723
411	-16650242
412	-16648124
413	-16648774
414	-16650642
415	-16649492
416	-16648721
417	-16650388
418	-16649228
419	-16649742
420	-16649742
421	-16650770
422	-16650770
423	-16650385
424	-16648521
425	-16647558
426	-16646915
427	-16649228
428	-16649035
429	-16649357
430	-16649549
431	-16648714
432	-16648907
433	-16648200
434	-16648393
435	-16647172
436	-16647879
437	-16647493
438	-16646594
439	-16648200
440	-16648136
441	-16648393
442	-16648007
443	-16646787
444	-16646208
445	-16647172
446	-16648714
447	-16648714
448	-16650256
449	-16649549
450	-16648393
451	-16647172
452	-16646594
453	-16647686
454	-16649228
455	-16650256
456	-16649228
457	-16646915
458	-16645759
459	-16646401
460	-16647558
461	-16648521
462	-16647172
463	-16646658
464	-16647494
465	-16648007
466	-16648008
467	-16647686
468	-16648007
469	-16644345
470	-16646722
471	-16649228
472	-16648457
473	-16646337
474	-16645823
475	-16648200
476	-16649999
477	-16650706
478	-16651027
479	-16651413
480	-16649100
481	-16650513
482	-16649871
483	-16650256
484	-16651670
485	-16651605
486	-16649806
487	-16648136
488	-16649742
489	-16649357
490	-16649100
491	-16647943
492	-16650385
493	-16648007
494	-16649035
495	-16649421
496	-16649164
497	-16648714
498	-16648007
499	-16648714
500	-16647686
501	-16647686
502	-16648200
503	-16649102
504	-16647564
505	-16647374
506	-16644677
507	-16644740
508	-16643774
509	-16645506
510	-16647432
511	-16648330
512	-16648069
513	-16646590
514	-16644146
515	-16644855
516	-16645108
517	-16647554
518	-16644276
519	-16636495
520	-16635852
521	-16644209
522	-16645369
523	-16645043
524	-16646976
525	-16647357
526	-16646720
527	-16646721
528	-16646788
529	-16646597
530	-16646665
531	-16646666
532	-16645577
533	-16646541
534	-16646156
535	-16647118
536	-16645312
537	-16645630
538	-16644988
539	-16645630
540	-16646080
541	-16644923
542	-16646722
543	-16646658
544	-16647750
545	-16647365
546	-16647365
547	-16648650
548	-16649357
549	-16648903
550	-16648200
551	-16647558
552	-16647622
553	-16648843
554	-16650067
555	-16647947
556	-16647497
557	-16646469
558	-16646337
559	-16648200
560	-16647943
561	-16648586
562	-16646076
563	-16647233
564	-16646080
565	-16645823
566	-16645951
567	-16645180
568	-16644345
569	-16646401
570	-16646466
571	-16649101
572	-16648073
573	-16649358
574	-16647816
575	-16646916
576	-16647366
577	-16644796
578	-16646917
579	-16646145
580	-16646660
581	-16646595
582	-16645824
583	-16646659
584	-16645246
585	-16647236
586	-16645759
587	-16648200
588	-16646659
589	-16647621
590	-16646530
591	-16647365
592	-16645694
593	-16645437
594	-16647108
595	-16647044
596	-16647300
597	-16646723
598	-16646144
599	-16646594
600	-16646658
601	-16647366
602	-16647366
603	-16648202
604	-16645953
605	-16645826
606	-16644991
607	-16646855
608	-16647304
609	-16648590
610	-16648717
611	-16646659
612	-16646658
613	-16645630
614	-16647172
615	-16647493
616	-16648329
617	-16648650
618	-16646979
619	-16647044
620	-16646465
621	-16647879
622	-16648522
623	-16647686
624	-16648264
625	-16646722
626	-16647236
627	-16646658
628	-16646144
629	-16647172
630	-16646144
631	-16646658
632	-16644666
633	-16644281
634	-16646080
635	-16646722
636	-16647750
637	-16647172
638	-16647622
639	-16648200
640	-16649100
641	-16650256
642	-16649549
643	-16649228
644	-16648971
645	-16647499
646	-16645781
647	-16641301
648	-16642587
649	-16638366
650	-16638248
651	-16636914
652	-16634615
653	-16633218
654	-16627395
655	-16624970
656	-16616523
657	-16609879
658	-16596267
659	-16588367
660	-16576816
661	-16570169
662	-16557900
663	-16545625
664	-16530274
665	-16518949
666	-16501230
667	-16477900
668	-16456729
669	-16433969
670	-16408536
671	-16371307
672	-16333238
673	-16294519
674	-16259058
675	-16221637
676	-16175293
677	-16132348
678	-16089107
679	-16065429
680	-16034716
681	-16015206
682	-15996971
683	-15977258
684	-15964714
685	-15957234
686	-15949498
687	-15947523
688	-15949063
689	-15955015
690	-15955599
691	-15961429
692	-15964954
693	-15969506
694	-15982043
695	-15987025
696	-16000777
697	-16017147
698	-16037245
699	-16056764
700	-16074053
701	-16092757
702	-16106506
703	-16133196
704	-16165891
705	-16203002
706	-16228709
707	-16249891
708	-16274723
709	-16303073
710	-16337419
711	-16364474
712	-16392549
713	-16414665
714	-16449884
715	-16476806
716	-16502313
717	-16519832
718	-16532045
719	-16543368
720	-16553296
721	-16557648
722	-16570443
723	-16576401
724	-16588737
725	-16594109
726	-16596210
727	-16600865
728	-16603799
729	-16605066
730	-16608846
731	-16610686
732	-16613878
733	-16614436
734	-16617438
735	-16622166
736	-16625337
737	-16632038
738	-16634975
739	-16639703
740	-16644762
741	-16646934
742	-16647317
743	-16647638
744	-16645389
745	-16647373
746	-16646401
747	-16645694
748	-16644731
749	-16645630
750	-16646144
751	-16645951
752	-16647172
753	-16650063
754	-16649035
755	-16648457
756	-16646080
757	-16646851
758	-16646401
759	-16646787
760	-16645566
761	-16645887
762	-16647815
763	-16647108
764	-16647750
765	-16646144
766	-16645180
767	-16645116
768	-16646658
769	-16647365
770	-16646983
771	-16644358
772	-16645254
773	-16646148
774	-16644989
775	-16645056
776	-16643768
777	-16645819
778	-16647171
779	-16648264
780	-16649226
781	-16648259
782	-16646460
783	-16644859
784	-16645055
785	-16649097
786	-16650444
787	-16647821
788	-16648844
789	-16648395
790	-16649230
791	-16649809
792	-16649808
793	-16649549
794	-16648264
795	-16648200
796	-16648329
797	-16648843
798	-16647108
799	-16646401
800	-16645437
801	-16646915
802	-16648072
803	-16648007
804	-16648650
805	-16647558
806	-16647493
807	-16645823
808	-16645951
809	-16645630
810	-16645694
811	-16648714
812	-16648907
813	-16648778
814	-16647943
815	-16645823
816	-16647365
817	-16644474
818	-16645694
819	-16642546
820	-16644538
821	-16644666
822	-16647172
823	-16648714
824	-16647686
825	-16646594
826	-16645694
827	-16647622
828	-16646080
829	-16647750
830	-16647301
831	-16648007
832	-16649935
833	-16648393
834	-16651862
835	-16650128
836	-16651220
837	-16649370
838	-16647903
839	-16647646
840	-16643092
841	-16642652
842	-16640538
843	-16640988
844	-16640538
845	-16640153
846	-16638488
847	-16638233
848	-16637470
849	-16636516
850	-16635567
851	-16633777
852	-16634357
853	-16631858
854	-16631864
855	-16628928
856	-16626504
857	-16626198
858	-16623772
859	-16624355
860	-16619361
861	-16613213
862	-16608922
863	-16609950
864	-16608950
865	-16602192
866	-16602191
867	-16600982
868	-16596191
869	-16592088
870	-16591379
871	-16587934
872	-16577703
873	-16573870
874	-16559926
875	-16545021
876	-16520854
877	-16486128
878	-16462468
879	-16432029
880	-16383017
881	-16338490
882	-16302097
883	-16254882
884	-16204193
885	-16148524
886	-16090895
887	-16030689
888	-15960804
889	-15885038
890	-15797354
891	-15686122
892	-15576116
893	-15447352
894	-15335498
895	-15208317
896	-15078645
897	-14951026
898	-14835074
899	-14719615
900	-14601561
901	-14509076
902	-14441699
903	-14396309
904	-14364887
905	-14344909
906	-14339397
907	-14359162
908	-14370796
909	-14388142
910	-14403702
911	-14441761
912	-14476889
913	-14495852
914	-14524583
915	-14551214
916	-14599533
917	-14644103
918	-14694667
919	-14752698
920	-14822595
921	-14892382
922	-14978004
923	-15052824
924	-15139542
925	-15205356
926	-15285566
927	-15354502
928	-15429992
929	-15501151
930	-15594242
931	-15674402
932	-15746510
933	-15837161
934	-15907300
935	-15969512
936	-16040506
937	-16102209
938	-16156147
939	-16203052
940	-16247725
941	-16297765
942	-16340058
943	-16375403
944	-16406158
945	-16435959
946	-16459474
947	-16475777
948	-16496890
949	-16515160
950	-16530062
951	-16533511
952	-16539269
953	-16543615
954	-16548857
955	-16552710
956	-16560711
957	-16563658
958	-16565184
959	-16571196
960	-16576190
961	-16582402
962	-16584010
963	-16580286
964	-16581434
965	-16582338
966	-16584837
967	-16589895
968	-16588598
969	-16590189
970	-16591522
971	-16594908
972	-16599770
973	-16603796
974	-16606870
975	-16607429
976	-16613624
977	-16616156
978	-16623567
979	-16630210
980	-16634743
981	-16639219
982	-16639016
983	-16637988
984	-16638940
985	-16640344
986	-16638857
987	-16640329
988	-16641421
989	-16641229
990	-16643784
991	-16645068
992	-16646413
993	-16647626
994	-16648204
995	-16647433
996	-16645642
997	-16646799
998	-16645511
999	-16644742
1000	-16646991
1001	-16645642
1002	-16646863
1003	-16646670
1004	-16648405
1005	-16646477
1006	-16646670
1007	-16645642
1008	-16645188
1009	-16645124
1010	-16645124
1011	-16646669
1012	-16645759
1013	-16648586
1014	-16649099
1015	-16650963
1016	-16649356
1017	-16648971
1018	-16648649
1019	-16648200
1020	-16649549
1021	-16648328
1022	-16649549
1023	-16649870
1024	-16650191
1025	-16651991
1026	-16649742
1027	-16648136
1028	-16647172
1029	-16647172
1030	-16648457
1031	-16648778
1032	-16650128
1033	-16648396
1034	-16646083
1035	-16647493
1036	-16648650
1037	-16649935
1038	-16648971
1039	-16648907
1040	-16645759
1041	-16644859
1042	-16646337
1043	-16646273
1044	-16647301
1045	-16648650
1046	-16648971
1047	-16648518
1048	-16649160
1049	-16648778
1050	-16648200
1051	-16648329
1052	-16648521
1053	-16647622
1054	-16648971
1055	-16648714
1056	-16649292
1057	-16647686
1058	-16648393
1059	-16647172
1060	-16648778
1061	-16649228
1062	-16649742
1063	-16649421
1064	-16647943
1065	-16647044
1066	-16645309
1067	-16644988
1068	-16645437
1069	-16647108
1070	-16647879
1071	-16648650
1072	-16649035
1073	-16648072
1074	-16646273
1075	-16646208
1076	-16645694
1077	-16646465
1078	-16647493
1079	-16647879
1080	-16648714
1081	-16648907
1082	-16648393
1083	-16648007
1084	-16647236
1085	-16648457
1086	-16647879
1087	-16648136
1088	-16647108
1089	-16644859
1090	-16645116
1091	-16645694
1092	-16647172
1093	-16647365
1094	-16648521
1095	-16648714
1096	-16648521
1097	-16648457
1098	-16648264
1099	-16646273
1100	-16645052
1101	-16643317
1102	-16646787
1103	-16646530
1104	-16648714
1105	-16647493
1106	-16646465
1107	-16646208
1108	-16646465
1109	-16649164
1110	-16649164
1111	-16648457
1112	-16645951
1113	-16645951
1114	-16646530
1115	-16648971
1116	-16648907
1117	-16648521
1118	-16648586
1119	-16647365
1120	-16645694
1121	-16645116
1122	-16647172
1123	-16647619
1124	-16648650
1125	-16649228
1126	-16647686
1127	-16647108
1128	-16646658
1129	-16647686
1130	-16648843
1131	-16649742
1132	-16649164
1133	-16646594
1134	-16647558
1135	-16647494
1136	-16646661
1137	-16647622
1138	-16647622
1139	-16648714
1140	-16646594
1141	-16646722
1142	-16647108
1143	-16645180
1144	-16646658
1145	-16645951
1146	-16646658
1147	-16646144
1148	-16646658
1149	-16645630
1150	-16646979
1151	-16646851
1152	-16648329
1153	-16646658
1154	-16648072
1155	-16647493
1156	-16649035
1157	-16648586
1158	-16648136
1159	-16646273
1160	-16646401
1161	-16646144
1162	-16646851
1163	-16646144
1164	-16645887
1165	-16646273
1166	-16645180
1167	-16645566
1168	-16646465
1169	-16647622
1170	-16648907
1171	-16649164
1172	-16648199
1173	-16646528
1174	-16644602
1175	-16645694
1176	-16646080
1177	-16647172
1178	-16647686
1179	-16647236
1180	-16649744
1181	-16648589
1182	-16650836
1183	-16650127
1184	-16650770
1185	-16650065
1186	-16648395
1187	-16647300
1188	-16646337
1189	-16646144
1190	-16647879
1191	-16648714
1192	-16647943
1193	-16647365
1194	-16647170
1195	-16647811
1196	-16648648
1197	-16648329
1198	-16648136
1199	-16647493
1200	-16647815
1201	-16648650
1202	-16649421
1203	-16648072
1204	-16649357
1205	-16648843
1206	-16649935
1207	-16650320
1208	-16648072
1209	-16647429
1210	-16645694
1211	-16646851
1212	-16647815
1213	-16648200
1214	-16649742
1215	-16648200
1216	-16648136
1217	-16648200
1218	-16647622
1219	-16647172
1220	-16647879
1221	-16648007
1222	-16646594
1223	-16647622
1224	-16646979
1225	-16648457
1226	-16647558
1227	-16647172
1228	-16646208
1229	-16645566
1230	-16646273
1231	-16645694
1232	-16646658
1233	-16647172
1234	-16648714
1235	-16647622
1236	-16647494
1237	-16647172
1238	-16647494
1239	-16648200
1240	-16647686
1241	-16647365
1242	-16646530
1243	-16644859
1244	-16643896
1245	-16644795
1246	-16645759
1247	-16646658
1248	-16646915
1249	-16646530
1250	-16646723
1251	-16644988
1252	-16646787
1253	-16647622
1254	-16647301
1255	-16646466
1256	-16645438
1257	-16646466
1258	-16646787
1259	-16647301
1260	-16648393
1261	-16648329
1262	-16647622
1263	-16648329
1264	-16648072
1265	-16647686
1266	-16648192
1267	-16650100
1268	-16651437
1269	-16653541
1270	-16656089
1271	-16656915
1272	-16659460
1273	-16661773
1274	-16661699
1275	-16663356
1276	-16665979
1277	-16664364
1278	-16664233
1279	-16665126
1280	-16668194
1281	-16673520
1282	-16673609
1283	-16673081
1284	-16671560
1285	-16667836
1286	-16666298
1287	-16667962
1288	-16666498
1289	-16668987
1290	-16672576
1291	-16677166
1292	-16673670
1293	-16668300
1294	-16667880
1295	-16665841
1296	-16668238
1297	-16662157
1298	-16655095
1299	-16624576
1300	NaN
